Scene,Setup,Room
27,0,0,0178,FF08,Hyrule Guard,,117,0,2824,0000,C000,0000
28,0,0,0178,FF08,Hyrule Guard,,117,0,2824,0000,C000,0000
30,0,0,0178,FF07,Hyrule Guard,,-328,0,1199,0000,0000,0000
31,0,0,0178,FF07,Hyrule Guard,,-328,0,1199,0000,0000,0000
33,0,0,0178,FF08,Hyrule Guard,,-106,0,-510,0000,0000,0000
33,0,0,0178,FF08,Hyrule Guard,,111,0,-510,0000,0000,0000
77,0,0,0178,FF08,Hyrule Guard,,-59,0,-175,0000,1111,0000
82,0,0,0178,FF04,Hyrule Guard,,-384,240,1773,0000,A16C,0000
82,0,0,0178,FF00,Hyrule Guard,,-2201,138,919,0000,D49F,0000
82,1,0,0178,FF04,Hyrule Guard,,-384,240,1773,0000,A16C,0000
82,1,0,0178,FF00,Hyrule Guard,,-2201,138,919,0000,D49F,0000
Total: 11
