Scene,Setup,Room
3,0,2,01D1,B819,Time Block,Perm: 19,-619,243,-2180,0000,2000,0004
5,0,7,01D1,B80C,Time Block,Perm: 0C,-3121,962,-4220,0000,0000,0001
6,0,17,01D1,383D,Time Block,Local: 05,1459,743,220,0000,0000,0003
7,0,16,01D1,380A,Time Block,Perm: 0A,5669,-1143,1585,0000,0000,0002
7,0,21,01D1,380C,Time Block,Perm: 0C,-3065,-1363,-642,0000,0000,0002
9,0,5,01D1,383A,Time Block,Local: 02,-1681,120,-695,0000,0000,0003
9,0,5,01D1,3938,Time Block,Local: 00,-1820,122,-695,0000,0000,0003
9,0,5,01D1,3939,Time Block,Local: 01,-1760,122,-695,0000,0000,0003
11,0,6,01D1,382C,Time Block,Temp: 0C,1230,-237,-1491,0000,0000,0006
11,0,6,01D1,382D,Time Block,Temp: 0D,1330,-293,-1491,0000,0000,0006
11,0,9,01D1,B838,Time Block,Local: 00,2254,-342,-1513,0000,0000,0006
11,0,9,01D1,B839,Time Block,Local: 01,2354,-342,-1513,0000,0000,0006
11,0,9,01D1,B83A,Time Block,Local: 02,2254,-342,-1413,0000,0000,0006
11,0,9,01D1,B83B,Time Block,Local: 03,2354,-342,-1413,0000,0000,0006
13,0,6,01D1,3824,Time Block,Temp: 04,1361,11,1218,0000,1555,0007
13,0,12,01D1,3821,Time Block,Temp: 01,500,50,-2125,0000,EAAB,0007
13,0,12,01D1,3822,Time Block,Temp: 02,414,50,-2175,0000,EAAB,0007
13,0,12,01D1,3823,Time Block,Temp: 03,465,50,-2262,0000,EAAB,0007
72,0,5,01D1,B805,Time Block,Perm: 05,2892,-409,-1074,0000,0000,0005
72,0,5,01D1,B806,Time Block,Perm: 06,2892,-306,-1074,0000,0000,0005
72,0,6,01D1,B805,Time Block,Perm: 05,2892,-409,-1074,0000,0000,0005
72,0,6,01D1,B806,Time Block,Perm: 06,2892,-306,-1074,0000,0000,0005
98,0,3,01D1,3819,Time Block,Perm: 19,1030,380,-380,0000,0000,0000
98,0,3,01D1,381A,Time Block,Perm: 1A,1030,440,-900,0000,0000,0000
98,2,3,01D1,3819,Time Block,Perm: 19,1030,380,-380,0000,0000,0000
98,2,3,01D1,381A,Time Block,Perm: 1A,1030,440,-900,0000,0000,0000
Total: 26
