Scene,Setup,Room
1,0,0,004C,FFFF,Bombflower,,-696,0,-1222,0000,3F4A,0000
1,0,0,004C,FFFF,Bombflower,,-293,20,307,0000,0000,0000
1,0,0,004C,FFFF,Bombflower,,290,20,307,0000,0000,0000
1,0,0,004C,FFFF,Bombflower,,760,0,-923,0000,C000,0000
1,0,2,004C,FFFF,Bombflower,,-2070,20,-1665,0000,0000,0000
1,0,2,004C,FFFF,Bombflower,,-2070,20,-1605,0000,0000,0000
1,0,2,004C,FFFF,Bombflower,,-2070,20,-1545,0000,0000,0000
1,0,2,004C,FFFF,Bombflower,,-2070,20,-1485,0000,0000,0000
1,0,2,004C,FFFF,Bombflower,,-2070,20,-1425,0000,0000,0000
1,0,2,004C,FFFF,Bombflower,,-2070,20,-1365,0000,0000,0000
1,0,2,004C,FFFF,Bombflower,,-2070,20,-1305,0000,0000,0000
1,0,2,004C,FFFF,Bombflower,,-2015,20,-1305,0000,0000,0000
1,0,2,004C,FFFF,Bombflower,,-1903,20,-1305,0000,0000,0000
1,0,2,004C,FFFF,Bombflower,,-1844,20,-1665,0000,0000,0000
1,0,2,004C,FFFF,Bombflower,,-1844,20,-1605,0000,0000,0000
1,0,2,004C,FFFF,Bombflower,,-1844,20,-1545,0000,0000,0000
1,0,2,004C,FFFF,Bombflower,,-1844,20,-1485,0000,0000,0000
1,0,2,004C,FFFF,Bombflower,,-1844,20,-1425,0000,0000,0000
1,0,2,004C,FFFF,Bombflower,,-1844,20,-1365,0000,0000,0000
1,0,2,004C,FFFF,Bombflower,,-1844,20,-1305,0000,0000,0000
1,0,2,004C,FFFF,Bombflower,,-1797,0,-1105,0000,0000,0000
1,0,4,004C,FFFF,Bombflower,,2088,80,-2388,0000,E9F5,0000
1,0,4,004C,FFFF,Bombflower,,2270,80,-2268,0000,E9F5,0000
1,0,5,004C,FFFF,Bombflower,,-2289,531,-499,0000,20B6,0000
1,0,5,004C,FFFF,Bombflower,,-2286,531,-133,0000,60B6,0000
1,0,5,004C,FFFF,Bombflower,,-1636,531,-503,0000,E000,0000
1,0,5,004C,FFFF,Bombflower,,-1634,531,-134,0000,A000,0000
1,0,9,004C,FFFF,Bombflower,,1850,471,-210,0000,0000,0000
1,0,15,004C,FFFF,Bombflower,,-2166,0,-663,0000,0000,0000
1,0,15,004C,FFFF,Bombflower,,-1750,0,-661,0000,0000,0000
7,0,12,004C,FFFF,Bombflower,,-6120,-1103,-1763,0000,0000,0000
7,0,12,004C,FFFF,Bombflower,,-6120,-1103,-1398,0000,0000,0000
7,0,14,004C,FFFF,Bombflower,,1109,-1083,1215,0000,4000,0000
7,0,14,004C,FFFF,Bombflower,,1108,-1083,939,0000,4000,0000
7,0,21,004C,FFFF,Bombflower,,-2216,-1363,-840,0000,8000,0000
7,0,21,004C,FFFF,Bombflower,,-2270,-1363,-743,0000,8000,0000
7,0,21,004C,FFFF,Bombflower,,-2251,-1363,-888,0000,8000,0000
7,0,21,004C,FFFF,Bombflower,,-2229,-1363,-776,0000,8000,0000
7,0,21,004C,FFFF,Bombflower,,-2267,-1363,-826,0000,8000,0000
7,0,21,004C,FFFF,Bombflower,,-2305,-1363,-776,0000,8000,0000
8,0,1,004C,FFFF,Bombflower,,-939,-720,-1525,0000,0000,0000
8,0,1,004C,FFFF,Bombflower,,361,-720,-731,0000,0000,0000
8,0,1,004C,FFFF,Bombflower,,408,-720,-719,0000,0000,0000
8,0,1,004C,FFFF,Bombflower,,461,-720,-697,0000,0000,0000
8,0,1,004C,FFFF,Bombflower,,502,-720,-721,0000,0000,0000
8,0,1,004C,FFFF,Bombflower,,544,-720,-743,0000,0000,0000
18,0,1,004C,FFFF,Bombflower,,-1422,-1504,-3821,0000,0000,0000
18,0,1,004C,FFFF,Bombflower,,-1416,-1504,-2769,0000,0000,0000
18,0,1,004C,FFFF,Bombflower,,-370,-1504,-3827,0000,0000,0000
18,0,1,004C,FFFF,Bombflower,,-352,-1504,-2781,0000,0000,0000
96,0,0,004C,FFFF,Bombflower,,-1397,1408,-646,0000,0000,0000
98,0,3,004C,FFFF,Bombflower,,-882,280,-188,0000,0000,0000
98,0,3,004C,FFFF,Bombflower,,-378,400,695,0000,0000,0000
98,0,3,004C,FFFF,Bombflower,,-231,399,730,0000,0000,0000
98,0,3,004C,FFFF,Bombflower,,-221,46,-82,4000,3333,0000
98,0,3,004C,FFFF,Bombflower,,-195,44,67,4000,4AAB,0000
98,0,3,004C,FFFF,Bombflower,,339,258,1057,4000,4EEF,0000
98,0,3,004C,FFFF,Bombflower,,371,196,1020,0000,0000,0000
98,0,3,004C,FFFF,Bombflower,,438,196,999,0000,0000,0000
98,0,3,004C,FFFF,Bombflower,,491,256,1003,4000,D05B,0000
98,2,3,004C,FFFF,Bombflower,,-882,280,-188,0000,0000,0000
98,2,3,004C,FFFF,Bombflower,,-378,400,695,0000,0000,0000
98,2,3,004C,FFFF,Bombflower,,-231,399,730,0000,0000,0000
98,2,3,004C,FFFF,Bombflower,,-221,46,-82,4000,3333,0000
98,2,3,004C,FFFF,Bombflower,,-195,44,67,4000,4AAB,0000
98,2,3,004C,FFFF,Bombflower,,339,258,1057,4000,4EEF,0000
98,2,3,004C,FFFF,Bombflower,,371,196,1020,0000,0000,0000
98,2,3,004C,FFFF,Bombflower,,438,196,999,0000,0000,0000
98,2,3,004C,FFFF,Bombflower,,491,256,1003,4000,D05B,0000
Total: 69
