Scene,Setup,Room
99,7,0,0182,0000,Credits Reveller,,-1,0,-280,0000,8222,0000
99,7,0,0182,0001,Credits Reveller,,-1,0,-280,0000,8222,0000
99,7,0,0182,0013,Credits Reveller,,-129,0,-166,0000,73E9,0000
99,7,0,0182,000F,Credits Reveller,,-89,0,-295,0000,6EEF,0000
99,7,0,0182,0013,Credits Reveller,,40,0,-263,0000,8E39,0000
99,7,0,0182,000F,Credits Reveller,,8,0,-174,0000,82D8,0000
99,7,0,0182,001F,Credits Reveller,,-33,0,-336,0000,760B,0000
99,7,0,0182,001F,Credits Reveller,,-85,0,-379,0000,65B0,0000
99,7,0,0182,001E,Credits Reveller,,140,0,-370,0000,9A50,0000
99,7,0,0182,001E,Credits Reveller,,-81,0,-82,0000,80B6,0000
99,7,0,0182,001E,Credits Reveller,,-151,0,-112,0000,71C7,0000
99,7,0,0182,001E,Credits Reveller,,124,0,-242,0000,960B,0000
99,7,0,0182,000E,Credits Reveller,,-170,0,-197,0000,693F,0000
99,7,0,0182,000F,Credits Reveller,,-79,0,-158,0000,80B6,0000
99,7,0,0182,0013,Credits Reveller,,85,0,-170,0000,9333,0000
99,8,0,0182,0002,Credits Reveller,,228,7,-197,0000,5DDE,0000
99,8,0,0182,0003,Credits Reveller,,248,0,-195,0000,09F5,0000
99,8,0,0182,0004,Credits Reveller,,258,0,-226,0000,60B6,0000
99,8,0,0182,0004,Credits Reveller,,229,0,-215,0000,B555,0000
99,9,0,0182,0009,Credits Reveller,,-213,0,-702,0000,2D83,0000
99,9,0,0182,000A,Credits Reveller,,-252,0,-590,0000,3BBC,0000
99,9,0,0182,000B,Credits Reveller,,-238,0,-650,0000,3111,0000
99,9,0,0182,000C,Credits Reveller,,-184,0,-748,0000,22D8,0000
99,9,0,0182,000D,Credits Reveller,,-166,0,-765,0000,1777,0000
99,9,0,0182,0022,Credits Reveller,,10,0,-400,0000,5333,0000
99,9,0,0182,000A,Credits Reveller,,-245,0,-623,0000,3777,0000
99,9,0,0182,000B,Credits Reveller,,-200,0,-724,0000,2666,0000
99,9,0,0182,000C,Credits Reveller,,-144,0,-780,0000,127D,0000
99,9,0,0182,000D,Credits Reveller,,-227,0,-675,0000,2AAB,0000
99,10,0,0182,0014,Credits Reveller,,-164,0,-1378,0000,0000,0000
99,10,0,0182,0015,Credits Reveller,,-100,0,-1378,0000,0000,0000
99,10,0,0182,0010,Credits Reveller,,-359,0,-688,0000,07D2,0000
99,10,0,0182,0010,Credits Reveller,,-323,0,-707,0000,FA50,0000
99,10,0,0182,0010,Credits Reveller,,-395,0,-751,0000,0E39,0000
99,10,0,0182,000E,Credits Reveller,,-407,0,-704,0000,182E,0000
99,10,0,0182,000F,Credits Reveller,,-364,0,-717,0000,0B61,0000
99,10,0,0182,0013,Credits Reveller,,-466,0,-678,0000,216C,0000
99,10,0,0182,001E,Credits Reveller,,-100,0,-538,0000,D333,0000
99,10,0,0182,001E,Credits Reveller,,42,0,-362,0000,D3E9,0000
99,11,0,0182,0021,Credits Reveller,,244,0,-942,0000,0C17,0000
99,11,0,0182,0020,Credits Reveller,,1229,0,-65,0000,A444,0000
99,11,0,0182,001F,Credits Reveller,,441,0,-390,0000,9B06,0000
99,11,0,0182,001E,Credits Reveller,,493,0,-446,0000,A889,0000
99,11,0,0182,001D,Credits Reveller,,-153,0,-444,0000,6889,0000
99,11,0,0182,001C,Credits Reveller,,-177,0,-459,0000,6889,0000
99,11,0,0182,001B,Credits Reveller,,-206,0,-477,0000,6889,0000
99,11,0,0182,001A,Credits Reveller,,-231,0,-493,0000,6889,0000
99,11,0,0182,0019,Credits Reveller,,326,0,-644,0000,B555,0000
99,11,0,0182,0016,Credits Reveller,,326,0,-644,0000,B555,0000
99,11,0,0182,0017,Credits Reveller,,326,0,-644,0000,B555,0000
99,11,0,0182,0018,Credits Reveller,,326,0,-644,0000,B555,0000
99,11,0,0182,001E,Credits Reveller,,874,0,-251,0000,A666,0000
99,11,0,0182,001E,Credits Reveller,,966,0,-372,0000,A666,0000
99,11,0,0182,0010,Credits Reveller,,600,0,-135,0000,9555,0000
99,11,0,0182,0011,Credits Reveller,,560,0,-114,0000,9555,0000
99,11,0,0182,0012,Credits Reveller,,528,0,-88,0000,9555,0000
99,11,0,0182,0012,Credits Reveller,,643,0,-151,0000,9555,0000
99,11,0,0182,0010,Credits Reveller,,495,0,-63,0000,9555,0000
99,11,0,0182,0011,Credits Reveller,,464,0,-44,0000,9555,0000
Total: 59
