Scene,Setup,Room
83,0,1,0126,1F03,Bean Planting Spot,,-715,120,-340,0000,0000,0000
83,1,1,0126,1F03,Bean Planting Spot,,-715,120,-340,0000,0000,0000
83,2,1,0126,0003,Bean Planting Spot,,-715,120,-340,0000,0000,0000
83,3,1,0126,0003,Bean Planting Spot,,-715,120,-340,0000,0000,0000
83,4,1,0126,1F01,Bean Planting Spot,,-745,120,-450,0000,0000,0000
83,5,1,0126,1F01,Bean Planting Spot,,-745,120,-450,0000,0000,0000
84,0,0,0126,1F03,Bean Planting Spot,,-730,100,-220,0000,C000,0000
84,2,0,0126,0203,Bean Planting Spot,,-730,100,-220,0000,C000,0002
85,0,0,0126,1F09,Bean Planting Spot,,1190,0,-480,0000,0000,0000
85,2,0,0126,0009,Bean Planting Spot,,1190,0,-480,0000,0000,0001
85,3,0,0126,0009,Bean Planting Spot,,1190,0,-480,0000,0000,0001
85,7,0,0126,1F09,Bean Planting Spot,,1186,0,-471,0000,0000,0000
87,0,0,0126,1F01,Bean Planting Spot,,-2602,-1033,3617,0000,0000,0000
87,2,0,0126,0101,Bean Planting Spot,,-2603,-1033,3617,0000,0000,0002
90,0,0,0126,1F03,Bean Planting Spot,,-515,-2051,110,0000,0000,0000
90,2,0,0126,0103,Bean Planting Spot,,-515,-2051,110,0000,C000,0002
90,6,0,0126,1F03,Bean Planting Spot,,270,-555,1460,0000,C000,0000
91,0,5,0126,1F04,Bean Planting Spot,,-1220,0,935,0000,0000,0000
91,2,5,0126,0204,Bean Planting Spot,,-1220,0,935,0000,0000,0001
91,4,5,0126,1F04,Bean Planting Spot,,-1180,-360,1363,0000,0000,0000
91,0,6,0126,1F12,Bean Planting Spot,,610,0,-1770,0000,0000,0000
91,2,6,0126,0112,Bean Planting Spot,,610,0,-1770,0000,0000,0000
92,0,0,0126,1F18,Bean Planting Spot,,-1330,8,290,0000,0000,0000
92,2,0,0126,0018,Bean Planting Spot,,-1330,8,290,0000,0000,0002
96,0,0,0126,1F06,Bean Planting Spot,,-1610,677,-735,0000,0000,0000
96,2,0,0126,0006,Bean Planting Spot,,-1610,677,-737,0000,0000,0002
97,0,1,0126,1F03,Bean Planting Spot,,-127,421,-168,0000,0000,0000
97,2,1,0126,0003,Bean Planting Spot,,-127,421,-168,0000,0000,0002
98,4,3,0126,1F01,Bean Planting Spot,,10,-3,295,0000,2AAB,0000
Total: 29
