Scene,Setup,Room
2,0,6,008B,1015,Spiritual Stones,,-1360,-948,-3343,0000,4000,0000
2,4,6,008B,1015,Spiritual Stones,,-1360,-1005,-3342,0000,4000,0000
67,0,0,008B,FF0F,Spiritual Stones,,0,70,-1,0000,0000,0000
67,4,0,008B,FF0F,Spiritual Stones,,0,70,-1,0000,0000,0000
67,5,0,008B,FF0F,Spiritual Stones,,-1,70,0,0000,0000,0000
67,6,0,008B,FF0F,Spiritual Stones,,0,70,-1,0000,0000,0000
67,7,0,008B,FF0F,Spiritual Stones,,0,70,-1,0000,0000,0000
67,8,0,008B,FF0F,Spiritual Stones,,0,70,-1,0000,0000,0000
67,9,0,008B,FF0F,Spiritual Stones,,0,70,-1,0000,0000,0000
67,10,0,008B,FF0F,Spiritual Stones,,0,70,-1,0000,0000,0000
67,12,0,008B,FF0F,Spiritual Stones,,0,70,-1,0000,0000,0000
67,13,0,008B,FF0F,Spiritual Stones,,0,70,-1,0000,0000,0000
67,14,0,008B,FF0F,Spiritual Stones,,0,70,-1,0000,0000,0000
67,0,1,008B,0013,Spiritual Stones,,-38,16,1335,0000,0000,0000
67,0,1,008B,0014,Spiritual Stones,,0,16,1335,0000,0000,0000
67,0,1,008B,0015,Spiritual Stones,,40,16,1335,0000,0000,0000
67,4,1,008B,0013,Spiritual Stones,,-38,16,1335,0000,0000,0000
67,4,1,008B,0014,Spiritual Stones,,0,16,1335,0000,0000,0000
67,4,1,008B,0015,Spiritual Stones,,40,16,1335,0000,0000,0000
67,6,1,008B,0013,Spiritual Stones,,-38,16,1335,0000,0000,0000
67,6,1,008B,0014,Spiritual Stones,,0,16,1335,0000,0000,0000
67,6,1,008B,0015,Spiritual Stones,,40,16,1335,0000,0000,0000
67,7,1,008B,0013,Spiritual Stones,,-32,-40,1405,0000,0000,0000
67,7,1,008B,0014,Spiritual Stones,,-2,-40,1403,0000,0000,0000
67,7,1,008B,0015,Spiritual Stones,,27,-40,1409,0000,0000,0000
67,8,1,008B,1013,Spiritual Stones,,-38,16,1335,0000,0000,0000
67,8,1,008B,1014,Spiritual Stones,,0,16,1335,0000,0000,0000
67,8,1,008B,1015,Spiritual Stones,,40,16,1335,0000,0000,0000
67,9,1,008B,1013,Spiritual Stones,,-38,16,1335,0000,0000,0000
67,9,1,008B,1014,Spiritual Stones,,0,16,1335,0000,0000,0000
67,9,1,008B,1015,Spiritual Stones,,40,16,1335,0000,0000,0000
67,10,1,008B,1013,Spiritual Stones,,-38,16,1335,0000,0000,0000
67,10,1,008B,1014,Spiritual Stones,,0,16,1335,0000,0000,0000
67,10,1,008B,1015,Spiritual Stones,,40,16,1335,0000,0000,0000
67,11,1,008B,1013,Spiritual Stones,,-38,16,1321,0000,0000,0000
67,11,1,008B,1014,Spiritual Stones,,0,16,1321,0000,0000,0000
67,11,1,008B,1015,Spiritual Stones,,40,16,1321,0000,0000,0000
67,14,1,008B,0016,Spiritual Stones,,9,-40,1845,0000,0000,0000
67,14,1,008B,4012,Spiritual Stones,,0,28,2219,0000,0000,0000
68,0,0,008B,0012,Spiritual Stones,,32,2,11,0000,0000,0000
68,5,0,008B,0012,Spiritual Stones,,32,2,11,0000,0000,0000
71,4,0,008B,F404,Spiritual Stones,,4,95,-59,0000,0000,0000
71,4,0,008B,F505,Spiritual Stones,,150,139,-99,0000,0000,0000
71,4,0,008B,F606,Spiritual Stones,,165,166,-104,0000,0000,0000
71,6,0,008B,F404,Spiritual Stones,,4,95,-59,0000,0000,0000
71,6,0,008B,F505,Spiritual Stones,,150,139,-99,0000,0000,0000
71,6,0,008B,F606,Spiritual Stones,,165,166,-104,0000,0000,0000
71,6,0,008B,FF08,Spiritual Stones,,-510,180,278,0000,0000,0000
71,8,0,008B,FF08,Spiritual Stones,,-510,180,278,0000,0000,0000
71,11,0,008B,F404,Spiritual Stones,,4,95,-59,0000,0000,0000
71,11,0,008B,F505,Spiritual Stones,,150,139,-99,0000,0000,0000
71,11,0,008B,F606,Spiritual Stones,,165,166,-104,0000,0000,0000
71,11,0,008B,FF08,Spiritual Stones,,-510,180,278,0000,0000,0000
74,0,0,008B,FF08,Spiritual Stones,,-905,755,209,0000,0000,0000
85,4,1,008B,FF06,Spiritual Stones,,3225,-61,-377,0000,0000,0000
85,6,1,008B,0013,Spiritual Stones,,3561,-169,-1674,0000,0000,0000
85,6,1,008B,2112,Spiritual Stones,,3652,-177,-976,0000,0000,0000
89,4,0,008B,0015,Spiritual Stones,,-706,-113,756,0000,0000,0000
89,4,0,008B,1012,Spiritual Stones,,-626,-335,703,0000,0000,0000
96,4,0,008B,FF05,Spiritual Stones,,-230,2262,-2544,0000,0000,0000
96,5,0,008B,0012,Spiritual Stones,,-1715,694,-490,0000,0000,0000
96,5,0,008B,0014,Spiritual Stones,,-1714,705,-319,0000,0000,0000
96,6,0,008B,0012,Spiritual Stones,,-1715,694,-490,0000,0000,0000
96,6,0,008B,0014,Spiritual Stones,,-1714,705,-319,0000,0000,0000
100,0,0,008B,1012,Spiritual Stones,,-335,1626,583,0000,0000,0000
100,4,0,008B,1012,Spiritual Stones,,-335,1626,583,0000,0000,0000
Total: 66
