Scene,Setup,Room
85,2,0,0060,FF00,Deku Scrub,,-619,1,-200,0000,0000,0000
85,2,0,0060,FF00,Deku Scrub,,62,1,258,0000,0000,0000
85,2,0,0060,FF00,Deku Scrub,,370,320,-832,0000,0000,0000
86,0,0,0060,FF00,Deku Scrub,,-303,0,316,0000,0000,0000
86,0,0,0060,FF00,Deku Scrub,,374,0,578,0000,BF4A,0000
86,0,0,0060,0300,Deku Scrub,,-402,0,1177,0000,8000,0000
86,0,0,0060,0300,Deku Scrub,,-38,160,-1255,0000,0000,0000
86,0,0,0060,0300,Deku Scrub,,24,160,-947,0000,0000,0000
86,0,0,0060,0300,Deku Scrub,,289,0,1183,0000,0000,0000
Total: 9
