Scene,Setup,Room
1,0,1,0054,0000,Pushable Armos,,3451,59,-377,0000,0000,0000
1,0,1,0054,0000,Pushable Armos,,3665,40,-377,0000,0000,0000
1,0,5,0054,FFFF,Armos Monster,,-2051,531,-321,0000,C000,0000
1,0,5,0054,FFFF,Armos Monster,,-1960,531,-410,0000,8000,0000
1,0,5,0054,FFFF,Armos Monster,,-1870,531,-320,0000,4000,0000
1,0,5,0054,0000,Pushable Armos,,-1959,531,-227,0000,0000,0000
1,0,14,0054,FFFF,Armos Monster,,1475,76,-4710,0000,0000,0000
1,0,15,0054,FFFF,Armos Monster,,-1955,0,-329,0000,8000,0000
1,0,15,0054,0000,Pushable Armos,,-2012,0,-277,0000,C000,0000
1,0,15,0054,0000,Pushable Armos,,-1891,0,-276,0000,4000,0000
6,0,0,0054,FFFF,Armos Monster,,-127,-50,-20,0000,0000,0000
6,0,0,0054,FFFF,Armos Monster,,128,-50,-13,0000,0000,0000
6,0,1,0054,FFFF,Armos Monster,,-1071,0,-290,0000,0000,0000
6,0,5,0054,0000,Pushable Armos,,-606,480,-949,0000,4000,0000
6,0,5,0054,FFFF,Armos Monster,,725,480,-944,0000,C000,0000
6,0,18,0054,FFFF,Armos Monster,,1992,843,25,0000,C000,0000
6,0,18,0054,FFFF,Armos Monster,,1998,843,167,0000,C000,0000
6,0,18,0054,FFFF,Armos Monster,,2140,843,167,0000,C000,0000
6,0,18,0054,FFFF,Armos Monster,,2141,843,25,0000,C000,0000
13,0,17,0054,0000,Pushable Armos,,-798,150,348,0000,6AAB,0000
13,0,17,0054,0000,Pushable Armos,,-668,150,486,0000,6AAB,0000
13,0,17,0054,0000,Pushable Armos,,-1074,150,668,0000,6AAB,0000
13,0,17,0054,0000,Pushable Armos,,-782,150,886,0000,6AAB,0000
Total: 23
