Scene,Setup,Room
4,0,4,0038,FFFF,Torch Slug,,2206,2260,699,0000,0000,0000
4,0,4,0038,FFFF,Torch Slug,,2733,2160,699,0000,0000,0000
4,0,5,0038,FFFF,Torch Slug,,1746,2940,917,0000,0000,0000
4,0,5,0038,FFFF,Torch Slug,,1874,2940,-661,0000,0000,0000
4,0,5,0038,FFFF,Torch Slug,,2315,2960,21,0000,0000,0000
4,0,15,0038,FFFF,Torch Slug,,-29,0,-536,0000,0000,0000
4,0,15,0038,FFFF,Torch Slug,,83,0,-723,0000,0000,0000
4,0,15,0038,FFFF,Torch Slug,,115,0,-343,0000,0000,0000
4,0,15,0038,FFFF,Torch Slug,,251,0,-583,0000,0000,0000
6,0,22,0038,FFFF,Torch Slug,,536,1633,-1311,0000,0000,0000
6,0,22,0038,FFFF,Torch Slug,,600,1633,-1507,0000,0000,0000
6,0,22,0038,FFFF,Torch Slug,,766,1633,-1194,0000,0000,0000
6,0,22,0038,FFFF,Torch Slug,,846,1633,-1459,0000,0000,0000
11,0,5,0038,FFFF,Torch Slug,,1271,-81,-2755,0000,0000,0000
11,0,5,0038,FFFF,Torch Slug,,1594,-81,-2594,0000,D555,0000
13,0,14,0038,FFFF,Torch Slug,,-924,152,-3609,0000,982E,0000
13,0,18,0038,FFFF,Torch Slug,,-1509,150,486,0000,CFA5,0000
13,0,18,0038,FFFF,Torch Slug,,-1579,150,629,0000,2AAB,0000
Total: 18
