Scene,Setup,Room
11,0,9,0094,8322,Butterflies (defunct?),,2211,-709,-1545,0000,0000,0000
11,0,9,0094,8322,Butterflies (defunct?),,2395,-894,-1378,0000,0000,0000
32,0,0,0094,3324,Butterflies (defunct?),,77,49,-204,0000,0000,0000
62,0,0,0094,3324,Butterflies (defunct?),,-20,44,203,0000,0000,0000
62,0,8,0094,5323,Butterflies (defunct?),,1923,-30,795,0000,0000,0000
62,0,8,0094,5323,Butterflies (defunct?),,1809,-13,1023,0000,0000,0000
62,0,10,0094,5322,Butterflies (defunct?),,3006,-137,787,0000,0000,0000
62,0,10,0094,5322,Butterflies (defunct?),,3010,-207,831,0000,0000,0000
82,0,0,0094,2324,Butterflies (defunct?),,4,805,-117,0000,0000,0000
83,0,1,0094,3324,Butterflies (defunct?),,-391,137,178,0000,0000,0000
84,0,0,0094,2324,Butterflies (defunct?),,-1636,164,-131,0000,0000,0000
84,0,1,0094,3324,Butterflies (defunct?),,4093,1010,-1400,0000,0000,0000
87,0,0,0094,2322,Butterflies (defunct?),,-782,-1483,4233,0000,0000,0000
87,0,0,0094,3322,Butterflies (defunct?),,946,-1557,4343,0000,0000,0000
87,0,0,0094,3324,Butterflies (defunct?),,-159,-1254,2914,0000,0000,0000
88,0,1,0094,5322,Butterflies (defunct?),,653,-10,-485,0000,0000,0000
89,0,0,0094,A322,Butterflies (defunct?),,-441,-151,2139,0000,0000,0000
89,0,0,0094,5322,Butterflies (defunct?),,-1247,-173,2406,0000,0000,0000
89,0,0,0094,2324,Butterflies (defunct?),,-1385,169,1460,0000,0000,0000
89,1,0,0094,A322,Butterflies (defunct?),,-441,-151,2139,0000,0000,0000
89,1,0,0094,5322,Butterflies (defunct?),,-1247,-173,2406,0000,0000,0000
90,0,0,0094,5322,Butterflies (defunct?),,1658,-179,-118,0000,0000,0000
91,0,6,0094,5324,Butterflies (defunct?),,77,28,-1590,0000,0000,0000
95,0,0,0094,2324,Butterflies (defunct?),,559,1478,2451,0000,0000,0000
95,0,0,0094,2324,Butterflies (defunct?),,1720,1413,1979,0000,0000,0000
95,0,0,0094,3324,Butterflies (defunct?),,19,1493,1667,0000,0000,0000
95,0,0,0094,5324,Butterflies (defunct?),,-570,1476,2368,0000,0000,0000
Total: 27
