Scene,Setup,Room
5,0,12,0160,0000,Whirlpool Effect,,-500,-160,-2870,0000,0000,0000
5,0,12,0160,0000,Whirlpool Effect,,140,-160,-2230,0000,0000,0000
5,0,21,0160,0000,Whirlpool Effect,,-2762,195,-4378,0000,0000,0000
5,0,21,0160,0000,Whirlpool Effect,,-2560,110,-2510,0000,0000,0000
5,0,21,0160,0000,Whirlpool Effect,,-2280,110,-3390,0000,0000,0000
5,0,21,0160,0000,Whirlpool Effect,,-2081,110,-2783,0000,0000,0000
5,0,21,0160,0000,Whirlpool Effect,,-1882,110,-2503,0000,0000,0000
5,0,21,0160,0000,Whirlpool Effect,,-1763,110,-2825,0000,0000,0000
Total: 8
