Scene,Setup,Room
3,0,3,0008,83F0,Decorative Flame,,1583,518,-1489,0000,C000,0000
3,0,3,0008,83F0,Decorative Flame,,1583,518,-1497,0000,C000,0000
3,0,3,0008,83F0,Decorative Flame,,1583,518,-1391,0000,C000,0000
3,0,3,0008,83F0,Decorative Flame,,1583,518,-1383,0000,C000,0000
3,0,5,0008,83F0,Decorative Flame,,-1344,438,-1383,0000,4000,0000
3,0,5,0008,83F0,Decorative Flame,,-1344,438,-1391,0000,4000,0000
3,0,5,0008,83F0,Decorative Flame,,-1344,438,-1497,0000,4000,0000
3,0,5,0008,83F0,Decorative Flame,,-1344,438,-1489,0000,4000,0000
4,0,0,0008,03F5,Decorative Flame,,-105,260,-145,0000,0000,0000
4,0,0,0008,03F5,Decorative Flame,,0,280,-140,0000,0000,0000
4,0,0,0008,03F5,Decorative Flame,,105,260,-145,0000,0000,0000
4,0,4,0008,03F5,Decorative Flame,,2340,2340,700,0000,8000,0000
4,0,9,0008,03F5,Decorative Flame,,-311,2992,119,0000,0000,0000
4,0,9,0008,03F5,Decorative Flame,,-311,2992,261,0000,8000,0000
4,0,9,0008,03F5,Decorative Flame,,88,2992,120,0000,0000,0000
4,0,9,0008,03F5,Decorative Flame,,89,2992,262,0000,8000,0000
4,0,13,0008,03F5,Decorative Flame,,-2300,4760,380,0000,4000,0000
4,0,13,0008,03F5,Decorative Flame,,-2180,4760,500,0000,4000,0000
4,0,13,0008,03F5,Decorative Flame,,-2180,4760,260,0000,4000,0000
4,0,13,0008,03F5,Decorative Flame,,-2060,4760,380,0000,4000,0000
4,0,17,0008,03F5,Decorative Flame,,-355,52,-580,0000,0000,0000
4,0,17,0008,03F5,Decorative Flame,,-355,52,-180,0000,0000,0000
4,0,17,0008,03F5,Decorative Flame,,-205,52,-580,0000,0000,0000
4,0,17,0008,03F5,Decorative Flame,,-205,52,-180,0000,0000,0000
4,0,20,0008,03F5,Decorative Flame,,1740,152,-1935,0000,C000,0000
4,0,20,0008,03F5,Decorative Flame,,1740,152,-1785,0000,C000,0000
4,0,22,0008,03F5,Decorative Flame,,1485,252,1900,0000,8000,0000
4,0,22,0008,03F5,Decorative Flame,,1635,252,1900,0000,8000,0000
4,0,23,0008,03F5,Decorative Flame,,1600,2852,-1875,0000,4000,0000
4,0,23,0008,03F5,Decorative Flame,,1600,2852,-1725,0000,4000,0000
4,0,25,0008,03F5,Decorative Flame,,-882,2851,-1183,0000,2000,0000
4,0,25,0008,03F5,Decorative Flame,,-781,2855,-1080,0000,A000,0000
6,0,7,0008,03F4,Decorative Flame,,-800,888,-298,0000,0000,0000
6,0,7,0008,03F4,Decorative Flame,,-800,885,-119,0000,0000,0000
6,0,7,0008,03F4,Decorative Flame,,-707,878,-337,0000,0000,0000
6,0,7,0008,03F4,Decorative Flame,,-668,858,-430,0000,0000,0000
6,0,7,0008,03F4,Decorative Flame,,-580,875,-210,0000,0000,0000
6,0,7,0008,03F4,Decorative Flame,,-492,859,-430,0000,0000,0000
6,0,9,0008,03F4,Decorative Flame,,-1799,973,822,0000,0000,0000
6,0,9,0008,03F4,Decorative Flame,,-1799,894,590,0000,0000,0000
6,0,9,0008,03F4,Decorative Flame,,-1798,1053,1054,0000,0000,0000
6,0,9,0008,03F4,Decorative Flame,,-1604,1053,1053,0000,0000,0000
6,0,9,0008,03F4,Decorative Flame,,-1604,971,823,0000,0000,0000
6,0,9,0008,03F4,Decorative Flame,,-1603,891,591,0000,0000,0000
6,0,10,0008,03F4,Decorative Flame,,-1906,1047,1335,0000,0000,0000
6,0,10,0008,03F4,Decorative Flame,,-1906,1047,1615,0000,0000,0000
6,0,10,0008,03F4,Decorative Flame,,-1710,1042,1742,0000,0000,0000
6,0,10,0008,03F4,Decorative Flame,,-1290,1041,1742,0000,0000,0000
6,0,10,0008,03F4,Decorative Flame,,-1280,1041,1210,0000,0000,0000
6,0,15,0008,03F4,Decorative Flame,,1225,53,-944,0000,0000,0000
6,0,15,0008,03F4,Decorative Flame,,1225,53,-749,0000,0000,0000
6,0,16,0008,03F4,Decorative Flame,,612,856,-430,0000,0000,0000
6,0,16,0008,03F4,Decorative Flame,,788,856,-430,0000,0000,0000
6,0,16,0008,03F4,Decorative Flame,,920,886,-298,0000,0000,0000
6,0,16,0008,03F4,Decorative Flame,,920,883,-119,0000,0000,0000
6,0,19,0008,03F4,Decorative Flame,,1861,1049,1055,0000,0000,0000
6,0,19,0008,03F4,Decorative Flame,,1861,974,823,0000,0000,0000
6,0,19,0008,03F4,Decorative Flame,,1861,890,590,0000,0000,0000
6,0,19,0008,03F4,Decorative Flame,,2056,1050,1055,0000,0000,0000
6,0,19,0008,03F4,Decorative Flame,,2056,971,823,0000,0000,0000
6,0,19,0008,03F4,Decorative Flame,,2057,889,591,0000,0000,0000
6,0,20,0008,03F4,Decorative Flame,,1541,1046,1211,0000,0000,0000
6,0,20,0008,03F4,Decorative Flame,,1551,1046,1740,0000,0000,0000
6,0,20,0008,03F4,Decorative Flame,,1971,1046,1741,0000,0000,0000
6,0,20,0008,03F4,Decorative Flame,,2167,1047,1614,0000,0000,0000
6,0,20,0008,03F4,Decorative Flame,,2168,1046,1335,0000,0000,0000
6,0,21,0008,03F4,Decorative Flame,,1778,911,-679,0000,0000,0000
6,0,21,0008,03F4,Decorative Flame,,2001,911,-679,0000,0000,0000
6,0,24,0008,03F4,Decorative Flame,,590,1679,-875,0000,0000,0000
6,0,24,0008,03F4,Decorative Flame,,770,1679,-878,0000,0000,0000
7,0,12,0008,03F7,Decorative Flame,,-6019,-935,-1254,0000,0000,0000
7,0,12,0008,03F7,Decorative Flame,,-5186,-1071,-1923,0000,0000,0000
7,0,12,0008,03F7,Decorative Flame,,-5181,-1071,-1258,0000,0000,0000
7,0,12,0008,03F7,Decorative Flame,,-6018,-938,-1917,0000,0000,0000
7,0,14,0008,03F7,Decorative Flame,,1187,-922,842,0000,0000,0000
7,0,14,0008,03F7,Decorative Flame,,1186,-922,1325,0000,0000,0000
7,0,14,0008,03F7,Decorative Flame,,1890,-1034,846,0000,0000,0000
7,0,14,0008,03F7,Decorative Flame,,1890,-1034,1322,0000,0000,0000
7,0,15,0008,03F7,Decorative Flame,,-3918,-1280,-1974,0000,0000,0000
7,0,15,0008,03F7,Decorative Flame,,-4693,-1280,-1974,0000,0000,0000
7,0,15,0008,03F7,Decorative Flame,,-3916,-1280,-1200,0000,0000,0000
7,0,15,0008,03F7,Decorative Flame,,-4693,-1280,-1200,0000,0000,0000
8,0,1,0008,03F7,Decorative Flame,,-596,-658,-350,0000,0000,0000
8,0,1,0008,03F7,Decorative Flame,,-595,-658,-250,0000,0000,0000
10,0,0,0008,03F4,Decorative Flame,,232,120,237,0000,0000,0000
10,0,0,0008,03F4,Decorative Flame,,240,120,-236,0000,0000,0000
10,0,0,0008,03F4,Decorative Flame,,-236,120,-237,0000,0000,0000
10,0,0,0008,03F4,Decorative Flame,,-235,120,239,0000,0000,0000
10,0,1,0008,03F4,Decorative Flame,,645,180,-346,0000,0000,0000
10,0,1,0008,03F4,Decorative Flame,,450,240,-538,0000,0000,0000
10,0,1,0008,03F4,Decorative Flame,,491,180,-254,0000,0000,0000
10,0,1,0008,03F4,Decorative Flame,,362,240,-382,0000,0000,0000
10,0,1,0008,03F4,Decorative Flame,,-84,340,-519,0000,0000,0000
10,0,2,0008,03F4,Decorative Flame,,234,374,237,0000,0000,0000
10,0,2,0008,03F4,Decorative Flame,,240,374,-238,0000,0000,0000
10,0,2,0008,03F4,Decorative Flame,,-237,374,-238,0000,0000,0000
10,0,2,0008,03F4,Decorative Flame,,-235,374,239,0000,0000,0000
10,0,3,0008,03F4,Decorative Flame,,345,440,644,0000,0000,0000
10,0,3,0008,03F4,Decorative Flame,,255,440,490,0000,0000,0000
10,0,3,0008,03F4,Decorative Flame,,537,500,451,0000,0000,0000
10,0,3,0008,03F4,Decorative Flame,,385,500,361,0000,0000,0000
10,0,3,0008,03F4,Decorative Flame,,520,600,-84,0000,0000,0000
10,0,4,0008,03F4,Decorative Flame,,234,630,238,0000,0000,0000
10,0,4,0008,03F4,Decorative Flame,,241,630,-236,0000,0000,0000
10,0,4,0008,03F4,Decorative Flame,,-236,630,-236,0000,0000,0000
10,0,4,0008,03F4,Decorative Flame,,-234,630,238,0000,0000,0000
10,0,5,0008,03F4,Decorative Flame,,-644,720,446,0000,0000,0000
10,0,5,0008,03F4,Decorative Flame,,-490,720,355,0000,0000,0000
10,0,5,0008,03F4,Decorative Flame,,-363,780,484,0000,0000,0000
10,0,5,0008,03F4,Decorative Flame,,-451,780,639,0000,0000,0000
13,0,0,0008,03F5,Decorative Flame,,90,371,1854,0000,0000,0000
13,0,0,0008,03F5,Decorative Flame,,-91,280,1453,0000,0000,0000
13,0,0,0008,03F5,Decorative Flame,,-89,371,1853,0000,0000,0000
13,0,0,0008,03F5,Decorative Flame,,90,280,1454,0000,0000,0000
13,0,4,0008,03FE,Decorative Flame,,3848,-197,-724,0000,0000,0000
13,0,4,0008,03FE,Decorative Flame,,3849,-197,-949,0000,0000,0000
13,0,7,0008,03FB,Decorative Flame,,2055,150,2496,0000,0000,0000
13,0,7,0008,03FB,Decorative Flame,,1859,150,2610,0000,0000,0000
13,0,9,0008,83F0,Decorative Flame,,-2055,-166,-976,0000,0000,0000
13,0,9,0008,83F0,Decorative Flame,,-2032,-166,-976,0000,0000,0000
13,0,9,0008,83F0,Decorative Flame,,-2043,-166,-965,0000,0000,0000
13,0,9,0008,83F0,Decorative Flame,,-2132,-165,-965,0000,0000,0000
13,0,9,0008,83F0,Decorative Flame,,-2121,-165,-976,0000,0000,0000
13,0,9,0008,83F0,Decorative Flame,,-2143,-165,-976,0000,0000,0000
13,0,10,0008,03FA,Decorative Flame,,-3276,-200,-728,0000,0000,0000
13,0,10,0008,03FA,Decorative Flame,,-3277,-200,-953,0000,0000,0000
13,0,11,0008,03FA,Decorative Flame,,-4034,-170,-948,0000,0000,0000
13,0,11,0008,03FA,Decorative Flame,,-4037,-170,-727,0000,0000,0000
13,0,13,0008,03FD,Decorative Flame,,2390,250,-4758,0000,0000,0000
13,0,13,0008,03FD,Decorative Flame,,2195,250,-4867,0000,0000,0000
13,0,15,0008,03FC,Decorative Flame,,-2033,193,-4229,0000,0000,0000
13,0,15,0008,03FC,Decorative Flame,,-2230,193,-4116,0000,0000,0000
13,0,17,0008,83F0,Decorative Flame,,-676,256,922,00B6,AAAB,0000
13,0,17,0008,83F0,Decorative Flame,,-665,255,902,0000,AB61,0000
13,0,17,0008,83F0,Decorative Flame,,-680,255,906,FF4A,AAAB,0000
13,0,17,0008,83F0,Decorative Flame,,-476,256,575,FF4A,AAAB,0000
13,0,17,0008,83F0,Decorative Flame,,-465,255,556,00B6,AAAB,0000
13,0,17,0008,83F0,Decorative Flame,,-480,255,560,0000,AB61,0000
13,0,17,0008,83F0,Decorative Flame,,-987,255,280,0000,2B61,0000
13,0,17,0008,83F0,Decorative Flame,,-976,255,260,00B6,2AAB,0000
13,0,17,0008,83F0,Decorative Flame,,-972,255,276,0000,2B61,0000
13,0,18,0008,83F0,Decorative Flame,,-1798,215,867,0000,2B61,0000
13,0,18,0008,83F0,Decorative Flame,,-1803,215,852,FF4A,2AAB,0000
13,0,18,0008,83F0,Decorative Flame,,-1814,215,871,0000,2B61,0000
13,0,18,0008,83F0,Decorative Flame,,-1568,215,469,FF4A,2AAB,0000
13,0,18,0008,83F0,Decorative Flame,,-1573,215,453,00B6,2AAB,0000
13,0,18,0008,83F0,Decorative Flame,,-1584,215,473,FF4A,2AAB,0000
13,0,19,0008,03F9,Decorative Flame,,-1378,193,1777,0000,0000,0000
13,0,19,0008,03F9,Decorative Flame,,-1574,193,1662,0000,0000,0000
14,0,0,0008,03F5,Decorative Flame,,-237,120,-233,0000,0000,0000
14,0,0,0008,03F5,Decorative Flame,,-235,120,234,0000,0000,0000
14,0,0,0008,03F5,Decorative Flame,,232,120,-236,0000,0000,0000
14,0,0,0008,03F5,Decorative Flame,,234,120,237,0000,0000,0000
14,0,1,0008,03F5,Decorative Flame,,-236,374,-233,0000,0000,0000
14,0,1,0008,03F5,Decorative Flame,,-235,374,235,0000,0000,0000
14,0,1,0008,03F5,Decorative Flame,,233,374,-236,0000,0000,0000
14,0,1,0008,03F5,Decorative Flame,,234,374,236,0000,0000,0000
14,0,2,0008,03F5,Decorative Flame,,-238,630,-233,0000,0000,0000
14,0,2,0008,03F5,Decorative Flame,,-235,630,234,0000,0000,0000
14,0,2,0008,03F5,Decorative Flame,,232,630,-237,0000,0000,0000
14,0,2,0008,03F5,Decorative Flame,,235,630,236,0000,0000,0000
15,0,1,0008,03F5,Decorative Flame,,1931,338,-770,0000,8000,0000
15,0,1,0008,03F5,Decorative Flame,,1933,338,-910,0000,0000,0000
15,0,1,0008,03F5,Decorative Flame,,2370,468,-770,0000,8000,0000
15,0,1,0008,03F5,Decorative Flame,,2374,468,-910,0000,0000,0000
16,0,0,0008,03F5,Decorative Flame,,196,95,181,0000,0000,0000
16,0,0,0008,03F5,Decorative Flame,,-110,100,10,0000,0000,0000
16,0,1,0008,03F5,Decorative Flame,,88,78,-409,0000,0000,0000
16,0,1,0008,03F5,Decorative Flame,,-67,78,-409,0000,0000,0000
16,0,2,0008,03F5,Decorative Flame,,88,78,-849,0000,0000,0000
16,0,2,0008,03F5,Decorative Flame,,88,78,-849,0000,0000,0000
16,0,2,0008,03F5,Decorative Flame,,-67,78,-849,0000,0000,0000
16,0,3,0008,03F5,Decorative Flame,,-67,80,-1289,0000,0000,0000
16,0,3,0008,03F5,Decorative Flame,,-67,80,-1289,0000,0000,0000
16,0,3,0008,03F5,Decorative Flame,,88,80,-1289,0000,0000,0000
16,0,4,0008,03F5,Decorative Flame,,88,74,-1729,0000,0000,0000
16,0,4,0008,03F5,Decorative Flame,,-67,74,-1729,0000,0000,0000
16,0,5,0008,03F5,Decorative Flame,,-67,75,-2168,0000,0000,0000
16,0,5,0008,03F5,Decorative Flame,,87,75,-2168,0000,0000,0000
16,0,6,0008,03F5,Decorative Flame,,95,98,-2557,0000,0000,0000
16,0,6,0008,03F5,Decorative Flame,,-60,98,-2556,0000,0000,0000
23,0,2,0008,03F4,Decorative Flame,,-1072,65,960,0000,0000,0000
23,0,2,0008,03F4,Decorative Flame,,-949,65,837,0000,0000,0000
23,0,2,0008,03F4,Decorative Flame,,-825,65,713,0000,0000,0000
23,0,2,0008,03F4,Decorative Flame,,-960,65,1073,0000,0000,0000
23,0,2,0008,03F4,Decorative Flame,,-836,65,949,0000,0000,0000
23,0,2,0008,03F4,Decorative Flame,,-713,65,826,0000,0000,0000
24,0,0,0008,03F5,Decorative Flame,,-110,1721,-998,0000,8000,0000
24,0,0,0008,03F5,Decorative Flame,,10,1721,-998,0000,8000,0000
24,0,0,0008,03F5,Decorative Flame,,10,1721,-837,0000,8000,0000
24,0,0,0008,03F5,Decorative Flame,,-110,1721,-837,0000,8000,0000
24,0,0,0008,03F5,Decorative Flame,,-110,1721,-677,0000,8000,0000
24,0,0,0008,03F5,Decorative Flame,,10,1721,-677,0000,8000,0000
59,0,0,0008,03F5,Decorative Flame,,-171,113,-854,0000,0000,0000
59,0,0,0008,03F5,Decorative Flame,,134,113,-854,0000,0000,0000
59,4,0,0008,03F0,Decorative Flame,,-171,113,-854,0000,0000,0000
59,4,0,0008,03F0,Decorative Flame,,134,113,-854,0000,0000,0000
59,5,0,0008,03F0,Decorative Flame,,-171,113,-854,0000,0000,0000
59,5,0,0008,03F0,Decorative Flame,,134,113,-854,0000,0000,0000
59,6,0,0008,03F0,Decorative Flame,,-171,113,-854,0000,0000,0000
59,6,0,0008,03F0,Decorative Flame,,134,113,-854,0000,0000,0000
61,0,0,0008,03F6,Decorative Flame,,-171,113,-854,0000,0000,0000
61,0,0,0008,03F6,Decorative Flame,,134,113,-854,0000,0000,0000
61,4,0,0008,03F0,Decorative Flame,,-171,113,-854,0000,0000,0000
61,4,0,0008,03F0,Decorative Flame,,134,113,-854,0000,0000,0000
61,4,0,0008,03F3,Decorative Flame,,-171,113,-854,0000,0000,0000
61,4,0,0008,03F3,Decorative Flame,,134,113,-854,0000,0000,0000
61,5,0,0008,03F0,Decorative Flame,,-171,113,-854,0000,0000,0000
61,5,0,0008,03F0,Decorative Flame,,134,113,-854,0000,0000,0000
61,5,0,0008,03F3,Decorative Flame,,-171,113,-854,0000,0000,0000
61,5,0,0008,03F3,Decorative Flame,,134,113,-854,0000,0000,0000
61,6,0,0008,03F0,Decorative Flame,,-171,113,-854,0000,0000,0000
61,6,0,0008,03F0,Decorative Flame,,134,113,-854,0000,0000,0000
61,6,0,0008,03F3,Decorative Flame,,-171,113,-854,0000,0000,0000
61,6,0,0008,03F3,Decorative Flame,,134,113,-854,0000,0000,0000
72,0,1,0008,03F8,Decorative Flame,,460,-450,-3490,0000,C000,0000
72,0,1,0008,03F8,Decorative Flame,,320,-450,-3490,0000,4000,0000
72,0,2,0008,03F8,Decorative Flame,,2120,-690,-4410,0000,8000,0000
72,0,2,0008,03F8,Decorative Flame,,1900,-690,-4410,0000,8000,0000
72,0,3,0008,03F8,Decorative Flame,,1830,-690,-3870,0000,8000,0000
72,0,3,0008,03F8,Decorative Flame,,2190,-690,-3870,0000,8000,0000
77,0,0,0008,03F5,Decorative Flame,,-108,94,160,0000,4000,0000
77,0,0,0008,03F5,Decorative Flame,,-108,94,-160,0000,4000,0000
77,2,0,0008,03F5,Decorative Flame,,-108,94,160,0000,4000,0000
77,2,0,0008,03F5,Decorative Flame,,-108,94,-160,0000,4000,0000
78,0,0,0008,07F5,Decorative Flame,,130,76,-8,0000,0000,0000
78,0,0,0008,07F5,Decorative Flame,,-139,76,-8,0000,0000,0000
95,0,0,0008,03F5,Decorative Flame,,1138,1210,3218,0000,8000,0000
98,0,2,0008,0395,Decorative Flame,,-821,332,1163,0000,0000,0000
98,2,2,0008,0395,Decorative Flame,,-821,332,1163,0000,0000,0000
98,4,2,0008,03F5,Decorative Flame,,-821,384,1163,00B6,3B06,0000
99,6,0,0008,03F4,Decorative Flame,,0,0,-588,0000,0000,0000
99,6,0,0008,03F5,Decorative Flame,,-86,0,-627,0000,0000,0000
99,6,0,0008,03F6,Decorative Flame,,-72,0,-512,0000,0000,0000
99,6,0,0008,03F7,Decorative Flame,,-53,0,-672,0000,0000,0000
99,6,0,0008,03F8,Decorative Flame,,-93,0,-572,0000,0000,0000
99,6,0,0008,03F9,Decorative Flame,,-25,0,-486,0000,0000,0000
99,6,0,0008,03FA,Decorative Flame,,2,0,-693,0000,0000,0000
99,6,0,0008,03FB,Decorative Flame,,55,0,-673,0000,0000,0000
99,6,0,0008,03FC,Decorative Flame,,88,0,-631,0000,0000,0000
99,6,0,0008,03FD,Decorative Flame,,98,0,-574,0000,0000,0000
99,6,0,0008,03FE,Decorative Flame,,26,0,-487,0000,0000,0000
99,6,0,0008,03FF,Decorative Flame,,76,0,-515,0000,0000,0000
99,6,0,0008,03F5,Decorative Flame,,-71,0,-651,0000,0000,0000
99,6,0,0008,03F6,Decorative Flame,,-87,0,-539,0000,0000,0000
99,6,0,0008,03F7,Decorative Flame,,-22,0,-684,0000,0000,0000
99,6,0,0008,03F8,Decorative Flame,,-91,0,-601,0000,0000,0000
99,6,0,0008,03F9,Decorative Flame,,-51,0,-495,0000,0000,0000
99,6,0,0008,03FA,Decorative Flame,,32,0,-682,0000,0000,0000
99,6,0,0008,03FB,Decorative Flame,,74,0,-654,0000,0000,0000
99,6,0,0008,03FC,Decorative Flame,,100,0,-602,0000,0000,0000
99,6,0,0008,03FD,Decorative Flame,,93,0,-543,0000,0000,0000
99,6,0,0008,03FE,Decorative Flame,,1,0,-480,0000,0000,0000
99,6,0,0008,03FF,Decorative Flame,,51,0,-495,0000,0000,0000
99,7,0,0008,03F5,Decorative Flame,,-82,0,-515,0000,0000,0000
99,7,0,0008,03F6,Decorative Flame,,-60,0,-445,0000,0000,0000
99,7,0,0008,03F7,Decorative Flame,,-73,0,-548,0000,0000,0000
99,7,0,0008,03F8,Decorative Flame,,-79,0,-482,0000,0000,0000
99,7,0,0008,03F9,Decorative Flame,,-27,0,-427,0000,0000,0000
99,7,0,0008,03FA,Decorative Flame,,84,0,-556,0000,0000,0000
99,7,0,0008,03FB,Decorative Flame,,96,0,-520,0000,0000,0000
99,7,0,0008,03FC,Decorative Flame,,99,0,-489,0000,0000,0000
99,7,0,0008,03FD,Decorative Flame,,79,0,-452,0000,0000,0000
99,7,0,0008,03FE,Decorative Flame,,15,0,-416,0000,0000,0000
99,7,0,0008,03FF,Decorative Flame,,45,0,-429,0000,0000,0000
99,8,0,0008,03F5,Decorative Flame,,-57,0,-445,0000,0000,0000
99,8,0,0008,03F6,Decorative Flame,,-54,0,-412,0000,0000,0000
99,8,0,0008,03F7,Decorative Flame,,-62,0,-474,0000,0000,0000
99,8,0,0008,03F8,Decorative Flame,,-76,0,-498,0000,0000,0000
99,9,0,0008,03F5,Decorative Flame,,208,0,15,0000,0000,0000
99,10,0,0008,03F5,Decorative Flame,,-131,-249,-1348,0000,0000,0000
99,10,0,0008,03F5,Decorative Flame,,-585,0,-297,0000,0000,0000
99,10,0,0008,03F7,Decorative Flame,,-466,0,-545,0000,0000,0000
99,10,0,0008,03FA,Decorative Flame,,-373,0,-621,0000,0000,0000
99,10,0,0008,03FB,Decorative Flame,,-404,0,-606,0000,0000,0000
99,10,0,0008,03FC,Decorative Flame,,-532,0,-444,0000,0000,0000
99,10,0,0008,03F9,Decorative Flame,,-338,0,-631,0000,0000,0000
99,10,0,0008,03FD,Decorative Flame,,-314,0,-621,0000,0000,0000
99,10,0,0008,03F4,Decorative Flame,,-279,0,-599,0000,0000,0000
99,10,0,0008,03F4,Decorative Flame,,-248,0,-546,0000,0000,0000
99,10,0,0008,03F5,Decorative Flame,,-219,0,-469,0000,0000,0000
99,10,0,0008,03F6,Decorative Flame,,-202,0,-371,0000,0000,0000
99,11,0,0008,03F4,Decorative Flame,,-59,-603,-660,0000,0000,0000
99,11,0,0008,03F5,Decorative Flame,,323,0,-462,0000,A71C,0000
99,11,0,0008,03F7,Decorative Flame,,339,0,-492,0000,A71C,0000
99,11,0,0008,03F8,Decorative Flame,,299,0,-434,0000,A71C,0000
Total: 286
