Scene,Setup,Room
5,0,0,0065,FF00,Large Water Square,,-180,765,-180,0000,0000,0000
5,0,1,0065,FF00,Large Water Square,,-180,765,-180,0000,0000,0000
5,0,3,0065,FF00,Large Water Square,,60,765,810,0000,0000,0000
5,0,3,0065,1A02,Large Water Square,,-1700,125,810,0000,0000,0000
5,0,4,0065,FF00,Large Water Square,,1300,765,-180,0000,4000,0000
5,0,6,0065,3103,Large Water Square,,-3160,640,-540,0000,0000,0000
5,0,10,0065,FF00,Large Water Square,,-1010,765,30,0000,0000,0000
5,0,14,0065,1804,Large Water Square,,-180,-170,-3430,0000,0000,0000
5,0,17,0065,FF00,Large Water Square,,995,765,180,0000,0000,0000
5,0,18,0065,FF00,Large Water Square,,1350,765,180,0000,C000,0000
5,0,20,0065,FF00,Large Water Square,,620,765,820,0000,0000,0000
Total: 11
