Scene,Setup,Room
38,0,0,0163,FF07,Kokiri Child,,64,1,-108,0000,ECCD,0000
38,0,0,0163,FF08,Kokiri Child,,1,12,121,0000,A000,0000
38,0,0,0163,FF0B,Kokiri Child,,92,12,79,0000,A5B0,0000
38,0,0,0163,FF07,Kokiri Child,,14,9,-36,0000,69F5,0001
38,0,0,0163,FF07,Kokiri Child,,85,1,-84,0000,F3E9,0002
39,0,0,0163,FF01,Kokiri Child,,-43,0,76,0000,A222,0000
39,0,0,0163,FF09,Kokiri Child,,-123,16,92,0000,5BBC,0000
40,0,0,0163,FF04,Kokiri Child,,-56,16,128,0000,960B,0000
40,0,0,0163,FF00,Kokiri Child,,-125,12,72,0000,549F,0000
41,0,0,0163,FF06,Kokiri Child,,2,1,-4,0000,C000,0000
45,0,0,0163,FF0A,Kokiri Child,,-114,0,64,0000,238E,0000
45,0,0,0163,FF05,Kokiri Child,,89,16,27,0000,DB06,0000
85,0,0,0163,FF00,Kokiri Child,,-292,0,-430,0000,0000,0000
85,0,0,0163,FF01,Kokiri Child,,45,0,-272,0000,0000,0000
85,0,0,0163,FF02,Kokiri Child,,-608,120,1022,0000,A000,0000
85,0,0,0163,0003,Kokiri Child,,-1472,-80,-294,0000,4000,0000
85,0,0,0163,FF04,Kokiri Child,,669,0,521,0000,871C,0000
85,0,0,0163,FF05,Kokiri Child,,853,100,-311,0000,0000,0000
85,0,0,0163,FF06,Kokiri Child,,-678,1,-179,0000,3777,0000
85,0,0,0163,FF0C,Kokiri Child,,-10,180,-22,0000,305B,0000
85,3,0,0163,FF00,Kokiri Child,,-292,0,-430,0000,0000,0000
85,3,0,0163,FF01,Kokiri Child,,45,0,-272,0000,0000,0000
85,3,0,0163,FF02,Kokiri Child,,-608,120,1022,0000,A000,0000
85,3,0,0163,FF03,Kokiri Child,,-1415,-74,-108,0000,4000,0000
85,3,0,0163,FF04,Kokiri Child,,669,0,521,0000,871C,0000
85,3,0,0163,FF05,Kokiri Child,,853,100,-311,0000,0000,0000
85,3,0,0163,FF06,Kokiri Child,,-678,1,-179,0000,3777,0000
85,7,0,0163,FF00,Kokiri Child,,-340,0,-414,0000,0000,0000
85,7,0,0163,FF01,Kokiri Child,,62,0,-258,0000,0666,0000
85,7,0,0163,FF02,Kokiri Child,,-641,120,454,0000,749F,0000
85,7,0,0163,0003,Kokiri Child,,-1472,-80,-294,0000,4000,0000
85,7,0,0163,FF04,Kokiri Child,,669,0,521,0000,871C,0000
85,7,0,0163,FF05,Kokiri Child,,853,102,-311,0000,0000,0000
85,7,0,0163,FF06,Kokiri Child,,-638,1,-165,0000,62D8,0000
85,8,1,0163,D300,Kokiri Child,,-228,0,-362,0000,0000,0000
85,9,1,0163,D300,Kokiri Child,,-228,0,-362,0000,0000,0000
91,2,9,0163,FF0C,Kokiri Child,,-1075,0,-130,0000,4000,0000
Total: 37
