Scene,Setup,Room
90,0,0,0138,0000,White Clothed Gerudo,,-308,-77,-122,0000,4222,0000
90,0,0,0138,0005,White Clothed Gerudo,,-503,-2051,34,0000,6D83,0000
93,0,0,0138,0000,White Clothed Gerudo,,-1224,93,-3160,0000,A5B0,0000
93,2,0,0138,0004,White Clothed Gerudo,,-857,112,-3123,0000,F05B,0000
93,2,0,0138,0004,White Clothed Gerudo,,682,602,-307,0000,8000,0000
93,2,0,0138,0301,White Clothed Gerudo,,-950,622,-3253,0000,0000,0000
93,2,0,0138,3A46,White Clothed Gerudo,,38,333,-1097,0000,C000,0000
93,3,0,0138,0004,White Clothed Gerudo,,-857,112,-3123,0000,F05B,0000
93,3,0,0138,0004,White Clothed Gerudo,,682,602,-307,0000,8000,0000
93,3,0,0138,0301,White Clothed Gerudo,,-950,622,-3253,0000,0000,0000
93,3,0,0138,3A46,White Clothed Gerudo,,38,333,-1097,0000,C000,0000
93,2,1,0138,0045,White Clothed Gerudo,,3719,1413,-507,0000,C000,0000
Total: 12
