Scene,Setup,Room
0,0,-1,0000,0EFF,Link,,-4,0,603,0000,8000,0000
0,0,-1,0000,0DFF,Link,,-850,-1880,-894,0000,0FA5,0000
1,0,-1,0000,0DFF,Link,,-3,0,369,0000,8000,0000
1,0,-1,0000,0DFF,Link,,-245,16,-2783,0000,4000,0000
2,0,-1,0000,0EFF,Link,,-18,-235,323,0000,8000,0000
2,0,-1,0000,0DFF,Link,,1363,-320,-2434,0000,0000,0000
2,4,-1,0000,0FFF,Link,,-1196,-1025,-3506,0000,8000,0000
2,4,-1,0000,0FFF,Link,,1363,-320,-2434,0000,0000,0000
3,0,-1,0000,0FFF,Link,,110,309,781,0000,8000,0000
3,0,-1,0000,0DFF,Link,,128,-779,-2735,0000,0000,0000
3,0,-1,0000,0DFF,Link,,1992,403,-3432,0000,0000,0000
4,0,-1,0000,0FFF,Link,,5,0,983,0000,8000,0000
4,0,-1,0000,0DFF,Link,,-1478,200,-5,0000,4000,0000
5,0,-1,0000,0DFF,Link,,-182,620,969,0000,8000,0000
6,0,-1,0000,0EFF,Link,,-5,-150,754,0000,8000,0000
6,0,-1,0000,0DFF,Link,,61,1007,-1779,0000,0000,0000
6,0,-1,0000,0DFF,Link,,-951,1003,1472,0000,C000,0000
6,0,-1,0000,0DFF,Link,,1122,1033,1468,0000,4000,0000
7,0,-1,0000,0FFF,Link,,-254,-63,734,0000,8000,0000
7,0,-1,0000,0DFF,Link,,-2735,-1392,787,0000,80B6,0000
8,0,-1,0000,0FFF,Link,,-1,240,1705,0000,8000,0000
9,0,-1,0000,0EFF,Link,,16,0,2727,0000,8000,0000
9,0,-1,0000,0DFF,Link,,-711,60,-951,0000,C000,0000
9,4,-1,0000,0FFF,Link,,-1219,285,886,0000,8000,0000
10,0,-1,0000,0FFF,Link,,210,-220,974,0000,8000,0000
10,0,-1,0000,0DFF,Link,,-2,1520,579,0000,0000,0000
10,0,-1,0000,0DFF,Link,,6,780,285,0000,0000,0000
11,0,-1,0000,0FFF,Link,,-68,-160,228,0000,8000,0000
12,0,-1,0000,0DFF,Link,,-296,0,-2951,0000,4000,0000
12,0,-1,0000,0DFF,Link,,-301,0,-2023,0000,8000,0000
12,0,-1,0000,0DFF,Link,,877,-91,-1502,0000,4000,0000
12,0,-1,0000,0DFF,Link,,892,85,-977,0000,4000,0000
12,0,-1,0000,0DFF,Link,,-105,0,-335,0000,4000,0000
12,0,-1,0000,0DFF,Link,,538,0,-1920,0000,C000,0000
12,0,-1,0000,0DFF,Link,,-416,-80,39,0000,4000,0000
12,0,-1,0000,0DFF,Link,,1102,120,30,0000,0000,0000
12,0,-1,0000,0DFF,Link,,1487,211,-985,0000,4000,0000
12,0,-1,0000,0DFF,Link,,2188,297,-1343,0000,4000,0000
12,0,-1,0000,0DFF,Link,,1153,-160,-3048,0000,4000,0000
12,0,-1,0000,0DFF,Link,,-1287,600,-3503,0000,4000,0000
12,0,-1,0000,0DFF,Link,,1061,0,-2037,0000,8000,0000
13,0,-1,0000,0EFF,Link,,-9,420,2339,0000,8000,0000
13,0,-1,0000,0FFF,Link,,-2,200,-200,0000,0000,0000
13,0,-1,0000,0DFF,Link,,573,150,153,0000,9555,0000
13,0,-1,0000,0DFF,Link,,1145,-240,-840,0000,C000,0000
13,0,-1,0000,0DFF,Link,,574,150,-1835,0000,EAAB,0000
13,0,-1,0000,0DFF,Link,,-574,150,-1835,0000,1555,0000
13,0,-1,0000,0DFF,Link,,-1231,-240,-840,0000,4000,0000
13,0,-1,0000,0DFF,Link,,-573,150,152,0000,6AAB,0000
13,0,-1,0000,0DFF,Link,,1213,110,1261,0000,0000,0000
14,0,-1,0000,0EFF,Link,,362,800,359,0000,A000,0000
14,0,-1,0000,0EFF,Link,,-481,800,-1,0000,4000,0000
14,0,-1,0000,0EFF,Link,,-5,520,-347,0000,0000,0000
14,0,-1,0000,0EFF,Link,,-1,520,345,0000,8000,0000
14,0,-1,0000,0EFF,Link,,-364,260,-4,0000,4000,0000
14,0,-1,0000,0EFF,Link,,340,260,0,0000,C000,0000
14,0,-1,0000,0EFF,Link,,1,0,339,0000,8000,0000
14,0,-1,0000,0EFF,Link,,845,-220,-418,0000,C000,0000
15,0,-1,0000,0EFF,Link,,609,208,-840,0000,4000,0000
15,0,-1,0000,0EFF,Link,,2735,506,-832,0000,C000,0000
16,0,-1,0000,0EFF,Link,,-32,0,214,0000,8000,0000
17,0,-1,0000,0DFF,Link,,321,-640,772,0000,91C7,0000
18,0,-1,0000,0FFF,Link,,-440,-744,-2781,0000,C000,0000
19,0,-1,0000,0DFF,Link,,-9,0,340,0000,8000,0000
20,0,-1,0000,0DFF,Link,,-474,-193,-3040,0000,5555,0000
21,0,-1,0000,0FFF,Link,,1025,200,11,0000,C000,0000
22,0,-1,0000,0DFF,Link,,658,0,0,0000,C000,0000
23,0,-1,0000,0FFF,Link,,-1661,0,1660,0000,6000,0000
23,0,-1,0000,0DFF,Link,,-1341,0,1331,0000,58E4,0000
23,0,-1,0000,0EFF,Link,,-613,0,593,0000,58E4,0000
23,4,-1,0000,0FFF,Link,,-1661,0,1660,0000,6000,0000
23,4,-1,0000,0DFF,Link,,-1341,0,1331,0000,58E4,0000
23,5,-1,0000,0FFF,Link,,-1661,0,1660,0000,6000,0000
23,5,-1,0000,0DFF,Link,,-1341,0,1331,0000,58E4,0000
23,6,-1,0000,0FFF,Link,,-1662,0,1659,0000,6000,0000
24,0,-1,0000,0FFF,Link,,-49,1680,-246,0000,0000,0000
25,0,-1,0000,0DFF,Link,,-13,0,92,0000,8000,0000
26,0,-1,0000,0EFF,Link,,-467,4102,-364,0000,B82E,0000
26,0,-1,0000,0E00,Link,,-144,3544,-39,0000,238E,0000
26,0,-1,0000,0E01,Link,,-951,3544,-357,0000,C000,0000
26,0,-1,0000,0E02,Link,,-475,3303,-839,0000,8000,0000
26,0,-1,0000,0E03,Link,,-475,3132,94,0000,0000,0000
26,0,-1,0000,0E04,Link,,-929,2932,-361,0000,C000,0000
26,0,-1,0000,0E05,Link,,-7,2812,-359,0000,4000,0000
26,0,-1,0000,0E06,Link,,-472,2575,106,0000,0000,0000
27,0,-1,0000,0F00,Link,,11,0,2155,0000,0000,0000
27,0,-1,0000,0F00,Link,,5,0,2909,0000,8000,0000
27,0,-1,0000,0E00,Link,,156,0,2628,0000,C000,0000
28,0,-1,0000,0F00,Link,,2,0,2147,0000,0000,0000
28,0,-1,0000,0F00,Link,,11,0,2897,0000,8000,0000
28,0,-1,0000,0E00,Link,,154,0,2629,0000,C000,0000
29,0,-1,0000,0F00,Link,,-1,0,2189,0000,0000,0000
29,0,-1,0000,0F00,Link,,8,0,2886,0000,8000,0000
29,0,-1,0000,0E00,Link,,157,0,2627,0000,C000,0000
30,0,-1,0000,0F00,Link,,-536,0,596,0000,0000,0000
30,0,-1,0000,0F01,Link,,520,0,594,0000,0000,0000
30,0,-1,0000,0E01,Link,,631,0,740,0000,C000,0000
30,0,-1,0000,0E00,Link,,-628,0,978,0000,4000,0000
30,0,-1,0000,0E01,Link,,618,0,891,0000,8000,0000
31,0,-1,0000,0F00,Link,,-531,0,647,0000,0000,0000
31,0,-1,0000,0F01,Link,,520,0,641,0000,0000,0000
31,0,-1,0000,0E01,Link,,631,0,740,0000,C000,0000
31,0,-1,0000,0E00,Link,,-626,0,982,0000,4000,0000
31,0,-1,0000,0E01,Link,,617,0,887,0000,8000,0000
32,0,-1,0000,0F00,Link,,-4,0,718,0000,8000,0000
32,0,-1,0000,0F00,Link,,0,0,-723,0000,0000,0000
32,0,-1,0000,0E00,Link,,481,0,-366,0000,D1C7,0000
32,0,-1,0000,0F00,Link,,-399,0,-505,0000,2889,0000
32,0,-1,0000,0F00,Link,,-396,0,516,0000,4000,0000
32,0,-1,0000,0E00,Link,,498,0,-119,0000,C000,0000
32,0,-1,0000,0E00,Link,,493,0,217,0000,C000,0000
32,0,-1,0000,0E00,Link,,-440,0,2,0000,4000,0000
32,0,-1,0000,0E00,Link,,-237,0,-572,0000,0000,0000
32,0,-1,0000,0E00,Link,,319,0,-540,0000,0000,0000
32,0,-1,0000,0E00,Link,,-480,0,571,0000,8000,0000
33,0,-1,0000,0F00,Link,,0,0,715,0000,8000,0000
33,0,-1,0000,0F00,Link,,4,0,-705,0000,0000,0000
33,0,-1,0000,0F00,Link,,398,0,-366,0000,D555,0000
33,0,-1,0000,0F00,Link,,-398,0,-500,0000,3777,0000
33,0,-1,0000,0F00,Link,,-414,0,531,0000,4000,0000
33,0,-1,0000,0E00,Link,,489,0,-117,0000,C000,0000
33,0,-1,0000,0E00,Link,,491,0,221,0000,C000,0000
33,0,-1,0000,0E00,Link,,-437,0,1,0000,40B6,0000
33,0,-1,0000,0E00,Link,,-240,0,-560,0000,0000,0000
33,0,-1,0000,0E00,Link,,320,0,-512,0000,0000,0000
33,0,-1,0000,0E00,Link,,-485,0,575,0000,8000,0000
34,0,-1,0000,0F00,Link,,-4,0,768,0000,8000,0000
34,0,-1,0000,0F00,Link,,-2,0,-762,0000,0000,0000
34,0,-1,0000,0F00,Link,,477,0,-367,0000,DBBC,0000
34,0,-1,0000,0F00,Link,,-548,0,-502,0000,2222,0000
34,0,-1,0000,0F00,Link,,-548,0,525,0000,5555,0000
34,0,-1,0000,0F00,Link,,488,0,-118,0000,C000,0000
34,0,-1,0000,0F00,Link,,492,0,223,0000,C000,0000
34,0,-1,0000,0F00,Link,,-552,0,-2,0000,4000,0000
34,0,-1,0000,0F00,Link,,-241,0,-575,0000,0000,0000
34,0,-1,0000,0F00,Link,,320,0,-538,0000,0000,0000
34,0,-1,0000,0F00,Link,,-481,0,578,0000,8000,0000
35,0,-1,0000,0F01,Link,,793,60,-420,0000,4000,0000
35,0,-1,0000,0F00,Link,,1346,110,-1180,0000,C000,0000
36,0,-1,0000,0F01,Link,,783,60,-424,0000,4000,0000
36,0,-1,0000,0F00,Link,,1352,110,-1180,0000,C000,0000
37,0,-1,0000,0F01,Link,,792,60,-432,0000,4000,0000
37,0,-1,0000,0F00,Link,,1345,110,-1188,0000,C000,0000
38,0,-1,0000,0E00,Link,,-1,0,-134,0000,0000,0000
39,0,-1,0000,0E00,Link,,-1,0,-156,0000,0000,0000
40,0,-1,0000,0EFF,Link,,-2,0,-162,0000,0000,0000
41,0,-1,0000,0E00,Link,,-3,0,-155,0000,0000,0000
42,0,-1,0000,0EFF,Link,,98,0,176,0000,8000,0000
43,0,-1,0000,0E00,Link,,-100,0,128,0000,8000,0000
44,0,-1,0000,0EFF,Link,,-30,0,144,0000,8000,0000
44,0,-1,0000,0EFF,Link,,-30,0,144,0000,8000,0000
45,0,-1,0000,0E00,Link,,0,0,109,0000,8000,0000
46,0,-1,0000,0E00,Link,,0,0,-9,0000,8000,0000
47,0,-1,0000,0E00,Link,,0,0,-9,0000,8000,0000
48,0,-1,0000,0EFF,Link,,31,0,147,0000,8000,0000
48,0,-1,0000,0EFF,Link,,31,0,147,0000,8000,0000
48,0,-1,0000,0DFF,Link,,-79,0,61,0000,1C72,0000
49,0,-1,0000,0E00,Link,,83,0,124,0000,893F,0000
50,0,-1,0000,0E00,Link,,0,0,147,0000,8000,0000
50,0,-1,0000,0EFF,Link,,0,0,147,0000,8000,0000
51,0,-1,0000,0EFF,Link,,0,1,108,0000,8000,0000
52,0,-1,0000,0D00,Link,,1,0,95,0000,8000,0000
52,0,-1,0000,0EFF,Link,,-4,0,-114,0000,0000,0000
52,4,-1,0000,0F00,Link,,-112,22,-4,0000,4000,0000
52,5,-1,0000,0F00,Link,,-112,22,-4,0000,4000,0000
53,0,-1,0000,0E00,Link,,97,0,168,0000,8000,0000
54,0,-1,0000,0EFF,Link,,147,0,234,0000,C000,0000
55,0,-1,0000,0E00,Link,,88,0,265,0000,8000,0000
55,0,-1,0000,0D00,Link,,87,0,-262,0000,0000,0000
56,0,-1,0000,0EFF,Link,,-12,0,294,0000,8000,0000
56,0,-1,0000,0DFF,Link,,-88,0,95,0000,8FA5,0000
57,0,-1,0000,0E00,Link,,-2,0,174,0000,8000,0000
58,0,-1,0000,0D00,Link,,48,0,15,0000,A000,0000
59,0,-1,0000,0FFF,Link,,-28,20,1,0000,8000,0000
59,0,-1,0000,0FFF,Link,,-28,20,1,0000,8000,0000
59,0,-1,0000,0FFF,Link,,-28,20,1,0000,8000,0000
59,4,-1,0000,0FFF,Link,,-28,20,1,0000,8000,0000
59,4,-1,0000,0FFF,Link,,-28,20,1,0000,8000,0000
59,4,-1,0000,0FFF,Link,,-28,20,1,0000,8000,0000
59,5,-1,0000,0FFF,Link,,-28,20,1,0000,8000,0000
59,5,-1,0000,0FFF,Link,,-28,20,1,0000,8000,0000
59,5,-1,0000,0FFF,Link,,-28,20,1,0000,8000,0000
59,6,-1,0000,0FFF,Link,,-28,20,1,0000,8000,0000
59,6,-1,0000,0FFF,Link,,-28,20,1,0000,8000,0000
59,6,-1,0000,0FFF,Link,,-28,20,1,0000,8000,0000
60,0,-1,0000,0DFF,Link,,-25,30,205,0000,8000,0000
61,0,-1,0000,0FFF,Link,,-25,20,5,0000,8000,0000
61,0,-1,0000,0FFF,Link,,-25,20,5,0000,8000,0000
61,0,-1,0000,0FFF,Link,,-25,20,5,0000,8000,0000
61,4,-1,0000,0FFF,Link,,-25,20,5,0000,8000,0000
61,4,-1,0000,0FFF,Link,,-25,20,5,0000,8000,0000
61,4,-1,0000,0FFF,Link,,-25,20,5,0000,8000,0000
61,5,-1,0000,0FFF,Link,,-25,20,5,0000,8000,0000
61,5,-1,0000,0FFF,Link,,-25,20,5,0000,8000,0000
61,5,-1,0000,0FFF,Link,,-25,20,5,0000,8000,0000
61,6,-1,0000,0FFF,Link,,-25,20,5,0000,8000,0000
61,6,-1,0000,0FFF,Link,,-25,20,5,0000,8000,0000
61,6,-1,0000,0FFF,Link,,-25,20,5,0000,8000,0000
62,0,-1,0000,0DFF,Link,,35,0,85,0000,71C7,0000
62,0,-1,0000,0DFF,Link,,622,0,82,0000,8000,0000
62,0,-1,0000,0DFF,Link,,1232,0,76,0000,8000,0000
62,0,-1,0000,0DFF,Link,,1825,0,76,0000,8000,0000
62,0,-1,0000,0DFF,Link,,4797,0,1250,0000,8000,0000
62,0,-1,0000,0DFF,Link,,3098,0,-172,0000,8000,0000
62,0,-1,0000,0DFF,Link,,34,0,1283,0000,8000,0000
62,0,-1,0000,0DFF,Link,,631,0,1265,0000,8000,0000
62,0,-1,0000,0DFF,Link,,1225,-69,1274,0000,8000,0000
62,0,-1,0000,0DFF,Link,,1828,0,1252,0000,8000,0000
62,0,-1,0000,0DFF,Link,,2421,0,1278,0000,8000,0000
62,0,-1,0000,0DFF,Link,,3026,0,1283,0000,8000,0000
62,0,-1,0000,0DFF,Link,,3806,0,1274,0000,8000,0000
62,0,-1,0000,0DFF,Link,,2425,0,76,0000,8000,0000
63,0,-1,0000,0DFF,Link,,0,32,277,0000,8000,0000
64,0,-1,0000,0DFF,Link,,-23,73,1080,0000,8000,0000
65,0,-1,0000,0DFF,Link,,-2,200,2226,0000,8000,0000
65,0,-1,0000,0DFF,Link,,0,60,-1151,0000,8000,0000
65,4,-1,0000,0DFF,Link,,-4,40,-1063,0000,8000,0000
65,5,-1,0000,0DFF,Link,,-4,40,-1063,0000,8000,0000
66,0,-1,0000,0E00,Link,,-10,0,380,0000,8000,0000
66,0,-1,0000,0E00,Link,,-10,0,380,0000,8000,0000
66,4,-1,0000,0FFF,Link,,-23,0,360,0000,7FFF,0000
66,5,-1,0000,0FFF,Link,,-5,0,343,0000,7FFF,0000
66,6,-1,0000,0FFF,Link,,-5,0,343,0000,7FFF,0000
67,0,-1,0000,0FFF,Link,,0,-40,2453,0000,8000,0000
67,0,-1,0000,01FF,Link,,-7,-40,1515,0000,0000,0000
67,0,-1,0000,0100,Link,,0,40,193,0000,0000,0000
67,0,-1,0000,0DFF,Link,,0,-40,1450,0000,0000,0000
67,0,-1,0000,0DFF,Link,,0,70,46,0000,F1C7,0000
67,0,-1,0000,0DFF,Link,,0,-40,2160,0000,0000,0000
67,0,-1,0000,0DFF,Link,,0,-40,2170,0000,0000,0000
67,0,-1,0000,0DFF,Link,,0,-20,2025,0000,0000,0000
67,4,-1,0000,0FFF,Link,,0,70,46,0000,F1C7,0000
67,5,-1,0000,0FFF,Link,,6,0,536,0000,0000,0000
67,6,-1,0000,0FFF,Link,,0,70,46,0000,F1C7,0000
67,7,-1,0000,0FFF,Link,,-7,-40,1515,0000,0000,0000
67,8,-1,0000,0FFF,Link,,-7,-40,1515,0000,0000,0000
67,9,-1,0000,0FFF,Link,,-7,-40,1515,0000,0000,0000
67,10,-1,0000,0FFF,Link,,-7,-40,1515,0000,0000,0000
67,11,-1,0000,0FFF,Link,,-7,-40,1515,0000,0000,0000
67,12,-1,0000,0FFF,Link,,-7,-40,1515,0000,0000,0000
67,13,-1,0000,0FFF,Link,,-7,-40,1515,0000,0000,0000
67,14,-1,0000,0FFF,Link,,-7,-40,1515,0000,0000,0000
68,0,-1,0000,02FF,Link,,-2,6,2,0000,C000,0000
68,4,-1,0000,0FFF,Link,,-2,6,2,0000,C000,0000
68,5,-1,0000,0FFF,Link,,-2,6,2,0000,C000,0000
68,6,-1,0000,00FF,Link,,-2,6,2,0000,C000,0000
69,0,-1,0000,0E00,Link,,2247,0,87,0000,C000,0000
69,0,-1,0000,0F01,Link,,-1836,0,-824,0000,4000,0000
70,0,-1,0000,0E00,Link,,2254,0,83,0000,C000,0000
71,0,-1,0000,00FF,Link,,0,0,-7900,0000,0000,0000
71,4,-1,0000,00FF,Link,,0,0,-7900,0000,0000,0000
71,5,-1,0000,00FF,Link,,0,0,-7900,0000,0000,0000
71,6,-1,0000,00FF,Link,,-641,0,-830,0000,0000,0000
71,7,-1,0000,00FF,Link,,0,0,0,0000,0000,0000
71,8,-1,0000,00FF,Link,,-641,0,-830,0000,0000,0000
71,9,-1,0000,00FF,Link,,0,0,-7900,0000,0000,0000
71,10,-1,0000,00FF,Link,,0,0,-7900,0000,0000,0000
71,11,-1,0000,00FF,Link,,-641,0,-830,0000,0000,0000
71,12,-1,0000,00FF,Link,,0,0,0,0000,0000,0000
72,0,-1,0000,0FFF,Link,,-56,-470,-1674,0000,8000,0000
72,0,-1,0000,0DFF,Link,,2890,-150,275,0000,8000,0000
72,0,-1,0000,0DFF,Link,,3096,-150,33,0000,4000,0000
73,0,-1,0000,0EFF,Link,,1,0,1374,0000,8000,0000
74,0,-1,0000,0FFF,Link,,604,44,8,0000,C000,0000
74,0,-1,0000,0DFF,Link,,-429,84,0,0000,C000,0000
74,4,-1,0000,0FFF,Link,,604,44,8,0000,C000,0000
74,5,-1,0000,0FFF,Link,,604,44,8,0000,C000,0000
74,6,-1,0000,0FFF,Link,,604,44,8,0000,C000,0000
75,0,-1,0000,0EFF,Link,,-1,0,378,0000,8000,0000
76,0,-1,0000,0EFF,Link,,981,0,184,0000,8000,0000
76,0,-1,0000,0EFF,Link,,-110,0,185,0000,8000,0000
76,0,-1,0000,0DFF,Link,,1050,0,12,0000,8000,0000
77,0,-1,0000,0EFF,Link,,-11,0,215,0000,8000,0000
77,2,-1,0000,0EFF,Link,,-11,0,215,0000,8000,0000
78,0,-1,0000,0E00,Link,,-11,0,381,0000,8000,0000
79,0,-1,0000,0FFF,Link,,656,1086,-167,0000,C000,0000
79,4,-1,0000,0FFF,Link,,656,1086,-167,0000,C000,0000
80,0,-1,0000,0EFF,Link,,-1,0,507,0000,8000,0000
81,0,-1,0000,0DFF,Link,,160,0,1415,0000,F1C7,0000
81,0,-1,0000,0DFF,Link,,3757,251,232,0000,E000,0000
81,0,-1,0000,0FFF,Link,,5984,-20,3773,0000,B1C7,0000
81,0,-1,0000,0FFF,Link,,5105,-160,8467,0000,C000,0000
81,0,-1,0000,0FFF,Link,,-5891,-881,15676,0000,8AAB,0000
81,0,-1,0000,0FFF,Link,,-9645,-155,6850,0000,0AAB,0000
81,0,-1,0000,0DFF,Link,,-1850,196,5956,0000,638E,0000
81,0,-1,0000,0FFF,Link,,1,0,697,0000,0000,0000
81,0,-1,0000,0FFF,Link,,-5920,-876,15632,0000,8AAB,0000
81,0,-1,0000,0FFF,Link,,0,70,1380,0000,8000,0000
81,0,-1,0000,0FFF,Link,,-2499,-300,398,0000,8E39,0000
81,0,-1,0000,0FFF,Link,,-2953,100,8336,0000,0000,0000
81,0,-1,0000,0FFF,Link,,-4668,-122,6865,0000,C000,0000
81,0,-1,0000,0FFF,Link,,-1391,100,6865,0000,4000,0000
81,0,-1,0000,0FFF,Link,,5977,-135,3982,0000,B1C7,0000
81,0,-1,0000,0FFF,Link,,-8,0,1461,0000,8000,0000
81,0,-1,0000,0DFF,Link,,0,0,1289,0000,0000,0000
81,0,-1,0000,0DFF,Link,,186,0,1327,0000,4000,0000
81,1,-1,0000,0DFF,Link,,160,0,1415,0000,F1C7,0000
81,1,-1,0000,0DFF,Link,,3757,251,232,0000,E000,0000
81,1,-1,0000,0FFF,Link,,5984,-20,3773,0000,B1C7,0000
81,1,-1,0000,0FFF,Link,,5105,-160,8467,0000,C000,0000
81,1,-1,0000,0FFF,Link,,-5891,-881,15676,0000,8AAB,0000
81,1,-1,0000,0FFF,Link,,-9645,-155,6850,0000,0AAB,0000
81,1,-1,0000,0DFF,Link,,-1850,196,5956,0000,638E,0000
81,1,-1,0000,0FFF,Link,,1,0,697,0000,0000,0000
81,1,-1,0000,0FFF,Link,,-5920,-876,15632,0000,8AAB,0000
81,1,-1,0000,0FFF,Link,,0,70,1380,0000,8000,0000
81,1,-1,0000,0FFF,Link,,-2499,-300,398,0000,8E39,0000
81,1,-1,0000,0FFF,Link,,-2953,100,8336,0000,0000,0000
81,1,-1,0000,0FFF,Link,,-4668,-122,6865,0000,C000,0000
81,1,-1,0000,0FFF,Link,,-1391,100,6865,0000,4000,0000
81,1,-1,0000,0FFF,Link,,5977,-135,3982,0000,B1C7,0000
81,1,-1,0000,0FFF,Link,,-8,0,1461,0000,8000,0000
81,1,-1,0000,0DFF,Link,,0,0,1289,0000,0000,0000
81,1,-1,0000,0DFF,Link,,186,0,1327,0000,4000,0000
81,2,-1,0000,0FFF,Link,,-10,0,1324,0000,8000,0000
81,2,-1,0000,0DFF,Link,,3759,252,232,0000,E000,0000
81,2,-1,0000,0FFF,Link,,5984,-20,3773,0000,B1C7,0000
81,2,-1,0000,0FFF,Link,,5137,-160,8467,0000,C000,0000
81,2,-1,0000,0FFF,Link,,-5890,-874,15636,0000,8AAB,0000
81,2,-1,0000,0FFF,Link,,-9645,-155,6850,0000,0AAB,0000
81,2,-1,0000,0FFF,Link,,-1850,196,5956,0000,638E,0000
81,2,-1,0000,0FFF,Link,,-6,0,1182,0000,0000,0000
81,2,-1,0000,0FFF,Link,,-5919,-869,15592,0000,8AAB,0000
81,2,-1,0000,0FFF,Link,,-1394,0,990,0000,1555,0000
81,2,-1,0000,0FFF,Link,,4796,-60,4721,0000,8E39,0000
81,2,-1,0000,0FFF,Link,,-2851,100,8319,0000,0000,0000
81,2,-1,0000,0FFF,Link,,-4668,-122,6865,0000,C000,0000
81,2,-1,0000,0FFF,Link,,-1391,100,6865,0000,4000,0000
81,2,-1,0000,0FFF,Link,,5977,-135,3982,0000,B1C7,0000
81,2,-1,0000,0FFF,Link,,-1727,94,5756,0000,62D8,0000
81,2,-1,0000,0DFF,Link,,0,0,1389,0000,0000,0000
81,2,-1,0000,0DFF,Link,,186,0,1327,0000,0000,0000
81,4,-1,0000,0FFF,Link,,2367,11,2211,0000,AAAB,0000
81,5,-1,0000,0FFF,Link,,2367,11,2211,0000,AAAB,0000
81,6,-1,0000,0FFF,Link,,2367,11,2211,0000,AAAB,0000
81,7,-1,0000,0FFF,Link,,-56,1,2117,0000,0000,0000
81,8,-1,0000,0FFF,Link,,-10,0,1324,0000,8000,0000
81,9,-1,0000,00FF,Link,,-56,1,2117,0000,0000,0000
81,10,-1,0000,0FFF,Link,,-10,0,1324,0000,8000,0000
81,11,-1,0000,0FFF,Link,,2367,11,2211,0000,AAAB,0000
81,12,-1,0000,0FFF,Link,,-56,1,2117,0000,0000,0000
82,0,-1,0000,0FFF,Link,,-2649,138,1063,0000,4000,0000
82,0,-1,0000,0FFF,Link,,-97,511,-1787,0000,0E39,0000
82,0,-1,0000,0FFF,Link,,1895,189,1391,0000,CE39,0000
82,0,-1,0000,0E01,Link,,-193,320,-651,0000,31C7,0000
82,0,-1,0000,0EFF,Link,,917,-500,521,0000,C000,0000
82,0,-1,0000,0E00,Link,,-371,240,1701,0000,C000,0000
82,0,-1,0000,0E08,Link,,-49,0,224,0000,C000,0000
82,0,-1,0000,0E04,Link,,776,200,25,0000,4000,0000
82,0,-1,0000,0E05,Link,,1188,260,524,0000,C000,0000
82,0,-1,0000,0E02,Link,,120,320,-567,0000,B1C7,0000
82,0,-1,0000,0E06,Link,,324,160,788,0000,8000,0000
82,0,-1,0000,0E07,Link,,-289,80,1021,0000,4000,0000
82,0,-1,0000,0E03,Link,,588,320,-588,0000,2B61,0000
82,0,-1,0000,0DFF,Link,,175,0,477,0000,4000,0000
82,0,-1,0000,0DFF,Link,,-65,620,1520,0000,8000,0000
82,0,-1,0000,0EFF,Link,,260,240,1730,0000,4000,0000
82,1,-1,0000,0FFF,Link,,-2649,138,1063,0000,4000,0000
82,1,-1,0000,0FFF,Link,,-97,511,-1787,0000,0E39,0000
82,1,-1,0000,0FFF,Link,,1895,189,1391,0000,CE39,0000
82,1,-1,0000,0E01,Link,,-193,320,-651,0000,31C7,0000
82,1,-1,0000,0EFF,Link,,917,-500,521,0000,C000,0000
82,1,-1,0000,0E00,Link,,-371,240,1701,0000,C000,0000
82,1,-1,0000,0E08,Link,,-48,0,228,0000,C000,0000
82,1,-1,0000,0E04,Link,,777,200,25,0000,4000,0000
82,1,-1,0000,0E05,Link,,1187,260,526,0000,C000,0000
82,1,-1,0000,0E02,Link,,119,320,-566,0000,B1C7,0000
82,1,-1,0000,0E06,Link,,323,160,785,0000,8000,0000
82,1,-1,0000,0E07,Link,,-285,80,1018,0000,4000,0000
82,1,-1,0000,0E03,Link,,590,320,-590,0000,2B61,0000
82,1,-1,0000,0DFF,Link,,175,0,477,0000,4000,0000
82,1,-1,0000,0DFF,Link,,-65,620,1520,0000,8000,0000
82,1,-1,0000,0EFF,Link,,260,240,1730,0000,4000,0000
82,2,-1,0000,0FFF,Link,,-2638,138,1065,0000,4000,0000
82,2,-1,0000,0FFF,Link,,-97,511,-1787,0000,0E39,0000
82,2,-1,0000,0FFF,Link,,1901,189,1385,0000,CCCD,0000
82,2,-1,0000,0E01,Link,,-191,320,-650,0000,31C7,0000
82,2,-1,0000,0EFF,Link,,846,-500,520,0000,C000,0000
82,2,-1,0000,0E00,Link,,-373,240,1702,0000,C000,0000
82,2,-1,0000,0E08,Link,,-51,0,224,0000,C000,0000
82,2,-1,0000,0E04,Link,,780,200,24,0000,4000,0000
82,2,-1,0000,0E05,Link,,1183,260,523,0000,C000,0000
82,2,-1,0000,0E02,Link,,119,320,-567,0000,B1C7,0000
82,2,-1,0000,0E06,Link,,323,160,784,0000,8000,0000
82,2,-1,0000,0E07,Link,,-287,80,1017,0000,4000,0000
82,2,-1,0000,0E03,Link,,592,320,-586,0000,2B61,0000
82,2,-1,0000,0DFF,Link,,175,0,477,0000,4000,0000
82,2,-1,0000,0DFF,Link,,-64,529,1622,0000,0000,0000
82,2,-1,0000,0EFF,Link,,260,240,1730,0000,4000,0000
82,3,-1,0000,0FFF,Link,,-2638,138,1065,0000,4000,0000
82,3,-1,0000,0FFF,Link,,-97,511,-1787,0000,0E39,0000
82,3,-1,0000,0FFF,Link,,1897,189,1395,0000,CC17,0000
82,3,-1,0000,0E01,Link,,-192,320,-652,0000,31C7,0000
82,3,-1,0000,0EFF,Link,,846,-500,520,0000,C000,0000
82,3,-1,0000,0E00,Link,,-372,240,1701,0000,C000,0000
82,3,-1,0000,0E08,Link,,-49,0,224,0000,C000,0000
82,3,-1,0000,0E04,Link,,776,200,22,0000,4000,0000
82,3,-1,0000,0E05,Link,,1183,260,523,0000,C000,0000
82,3,-1,0000,0E02,Link,,120,320,-568,0000,B1C7,0000
82,3,-1,0000,0E06,Link,,323,160,784,0000,8000,0000
82,3,-1,0000,0E07,Link,,-284,80,1019,0000,4000,0000
82,3,-1,0000,0E03,Link,,592,320,-590,0000,2AAB,0000
82,3,-1,0000,0DFF,Link,,175,0,477,0000,4000,0000
82,3,-1,0000,0FFF,Link,,-131,554,1479,0000,0000,0000
82,3,-1,0000,0EFF,Link,,260,240,1730,0000,4000,0000
82,4,-1,0000,0FFF,Link,,-2684,138,1072,0000,4000,0000
82,5,-1,0000,0FFF,Link,,-2684,138,1072,0000,4000,0000
82,6,-1,0000,0FFF,Link,,-2684,138,1072,0000,4000,0000
82,7,-1,0000,0FFF,Link,,-2684,138,1072,0000,4000,0000
82,8,-1,0000,02FF,Link,,-2684,138,1072,0000,4000,0000
83,0,-1,0000,0FFF,Link,,-1411,0,330,0000,4000,0000
83,0,-1,0000,0FFF,Link,,2539,100,83,0000,C000,0000
83,0,-1,0000,0E00,Link,,-776,1,600,0000,4000,0000
83,0,-1,0000,0DFF,Link,,-643,121,-336,0000,0000,0000
83,0,-1,0000,0DFF,Link,,-347,60,121,0000,C000,0000
83,0,-1,0000,0DFF,Link,,152,120,281,0000,C000,0000
83,0,-1,0000,0DFF,Link,,731,180,-22,0000,C000,0000
83,0,-1,0000,0DFF,Link,,1140,340,85,0000,C000,0000
83,1,-1,0000,0FFF,Link,,-1411,0,330,0000,4000,0000
83,1,-1,0000,0DFF,Link,,2534,100,87,0000,C000,0000
83,1,-1,0000,0E00,Link,,-776,1,598,0000,4000,0000
83,1,-1,0000,0DFF,Link,,-643,121,-336,0000,0000,0000
83,1,-1,0000,0DFF,Link,,-347,60,121,0000,C000,0000
83,1,-1,0000,0DFF,Link,,152,120,281,0000,C000,0000
83,1,-1,0000,0DFF,Link,,745,180,-22,0000,C000,0000
83,1,-1,0000,0DFF,Link,,1140,340,85,0000,C000,0000
83,2,-1,0000,0FFF,Link,,-1411,0,330,0000,4000,0000
83,2,-1,0000,0DFF,Link,,2551,100,72,0000,C000,0000
83,2,-1,0000,0E00,Link,,-777,1,595,0000,4000,0000
83,2,-1,0000,0DFF,Link,,-643,121,-336,0000,0000,0000
83,2,-1,0000,0DFF,Link,,-347,60,121,0000,C000,0000
83,2,-1,0000,0DFF,Link,,152,120,281,0000,C000,0000
83,2,-1,0000,0DFF,Link,,745,180,-27,0000,C000,0000
83,2,-1,0000,0DFF,Link,,1140,340,85,0000,C000,0000
83,2,-1,0000,0201,Link,,1140,340,85,0000,C71C,0000
83,3,-1,0000,0FFF,Link,,-1411,0,330,0000,4000,0000
83,3,-1,0000,0DFF,Link,,2551,100,72,0000,C000,0000
83,3,-1,0000,0E00,Link,,-777,1,595,0000,4000,0000
83,3,-1,0000,0DFF,Link,,-643,121,-336,0000,0000,0000
83,3,-1,0000,0DFF,Link,,-347,60,121,0000,C000,0000
83,3,-1,0000,0DFF,Link,,152,120,281,0000,C000,0000
83,3,-1,0000,0DFF,Link,,745,180,-27,0000,C000,0000
83,3,-1,0000,0DFF,Link,,1140,340,85,0000,C000,0000
83,3,-1,0000,0201,Link,,1140,340,85,0000,C71C,0000
83,4,-1,0000,0FFF,Link,,-1411,0,330,0000,4000,0000
83,5,-1,0000,0FFF,Link,,-1411,0,330,0000,4000,0000
84,0,-1,0000,0FFF,Link,,-1506,-20,1510,0000,705B,0000
84,0,-1,0000,0FFF,Link,,4179,1441,-1384,0000,C000,0000
84,0,-1,0000,0FFF,Link,,4413,920,-1403,0000,C000,0000
84,0,-1,0000,0FFF,Link,,-1357,-86,1542,0000,78E4,0000
84,0,-1,0000,0FFF,Link,,4084,620,-932,0000,8000,0000
84,2,-1,0000,0FFF,Link,,-1509,-20,1502,0000,6889,0000
84,2,-1,0000,0FFF,Link,,4179,1441,-1384,0000,C000,0000
84,2,-1,0000,0FFF,Link,,4404,920,-1403,0000,C000,0000
84,2,-1,0000,0FFF,Link,,-1364,-87,1566,0000,71C7,0000
84,2,-1,0000,0FFF,Link,,4081,620,-932,0000,8000,0000
85,0,-1,0000,0FFF,Link,,-68,-80,941,0000,638E,0000
85,0,-1,0000,0F05,Link,,3896,-153,-1184,0000,DC72,0000
85,0,-1,0000,0FFF,Link,,-1413,-74,-283,0000,4000,0000
85,0,-1,0000,0DFF,Link,,-31,100,1073,0000,8000,0000
85,0,-1,0000,0E03,Link,,854,0,-272,0000,0000,0000
85,0,-1,0000,0E00,Link,,-1034,120,394,0000,31C7,0000
85,0,-1,0000,0FFF,Link,,-314,380,-1362,0000,0000,0000
85,0,-1,0000,0DFF,Link,,-40,344,1244,0000,671C,0000
85,0,-1,0000,0E0A,Link,,1036,0,524,0000,9555,0000
85,0,-1,0000,0E02,Link,,-445,0,-486,0000,0000,0000
85,0,-1,0000,0E01,Link,,516,0,629,0000,8000,0000
85,0,-1,0000,0FFF,Link,,1790,0,135,0000,BA50,0000
85,2,-1,0000,0FFF,Link,,-68,-80,941,0000,638E,0000
85,2,-1,0000,0F05,Link,,3844,-161,-1080,0000,E000,0000
85,2,-1,0000,0FFF,Link,,-1413,-74,-283,0000,4000,0000
85,2,-1,0000,0DFF,Link,,-31,100,1073,0000,8000,0000
85,2,-1,0000,0E03,Link,,854,0,-272,0000,0000,0000
85,2,-1,0000,0E00,Link,,-1034,120,394,0000,31C7,0000
85,2,-1,0000,0FFF,Link,,-314,380,-1362,0000,0000,0000
85,2,-1,0000,0DFF,Link,,-40,344,1244,0000,671C,0000
85,2,-1,0000,0E0A,Link,,1036,0,524,0000,9555,0000
85,2,-1,0000,0E02,Link,,-445,0,-486,0000,0000,0000
85,2,-1,0000,0E01,Link,,516,0,629,0000,8000,0000
85,2,-1,0000,0FFF,Link,,1790,0,135,0000,BA50,0000
85,2,-1,0000,0DFF,Link,,3608,-179,-1009,0000,5555,0000
85,3,-1,0000,0FFF,Link,,-68,-80,941,0000,638E,0000
85,3,-1,0000,0F05,Link,,3844,-161,-1080,0000,E000,0000
85,3,-1,0000,0FFF,Link,,-1413,-74,-283,0000,4000,0000
85,3,-1,0000,0DFF,Link,,-31,100,1073,0000,8000,0000
85,3,-1,0000,0E03,Link,,854,0,-272,0000,0000,0000
85,3,-1,0000,0E00,Link,,-1034,120,394,0000,31C7,0000
85,3,-1,0000,0FFF,Link,,-314,380,-1362,0000,0000,0000
85,3,-1,0000,0DFF,Link,,-40,344,1244,0000,671C,0000
85,3,-1,0000,0E0A,Link,,1036,0,524,0000,9555,0000
85,3,-1,0000,0E02,Link,,-445,0,-486,0000,0000,0000
85,3,-1,0000,0E01,Link,,516,0,629,0000,8000,0000
85,3,-1,0000,0FFF,Link,,1790,0,135,0000,BA50,0000
85,3,-1,0000,0DFF,Link,,3608,-179,-1009,0000,5555,0000
85,4,-1,0000,00FF,Link,,4167,-171,-539,0000,0000,0000
85,5,-1,0000,02FF,Link,,4272,-175,-430,0000,638E,0000
85,6,-1,0000,0FFF,Link,,4275,-175,-430,0000,638E,0000
85,7,-1,0000,0FFF,Link,,5007,411,-609,0000,E000,0000
85,8,-1,0000,0FFF,Link,,-68,-80,941,0000,638E,0000
85,9,-1,0000,0FFF,Link,,-68,-80,941,0000,638E,0000
85,10,-1,0000,00FF,Link,,3320,-99,-332,0000,638E,0000
85,11,-1,0000,00FF,Link,,-181,-80,945,0000,0000,0000
85,12,-1,0000,02FF,Link,,3844,-161,-1080,0000,E000,0000
85,13,-1,0000,0FFF,Link,,3844,-161,-1080,0000,E000,0000
86,0,-1,0000,0FFF,Link,,-201,0,2183,0000,8000,0000
86,0,-1,0000,0DFF,Link,,-2,680,-3180,0000,0000,0000
86,0,-1,0000,0DFF,Link,,10,500,-2610,0000,0000,0000
86,2,-1,0000,0FFF,Link,,-201,0,2183,0000,8000,0000
86,2,-1,0000,0DFF,Link,,-2,680,-3180,0000,0000,0000
86,2,-1,0000,0DFF,Link,,10,500,-2610,0000,0000,0000
86,2,-1,0000,0201,Link,,10,500,-2610,0000,0000,0000
86,4,-1,0000,0FFF,Link,,8,480,-2612,0000,0000,0000
86,5,-1,0000,0FFF,Link,,8,480,-2612,0000,0000,0000
87,0,-1,0000,0FFF,Link,,-2093,-1037,705,0000,0000,0000
87,0,-1,0000,0FFF,Link,,-3918,-1142,2533,0000,238E,0000
87,0,-1,0000,0FFF,Link,,-929,-1313,6555,0000,8000,0000
87,0,-1,0000,0FFF,Link,,-2093,-1037,706,0000,0000,0000
87,0,-1,0000,0EFF,Link,,-2422,-1033,3858,0000,4000,0000
87,0,-1,0000,0DFF,Link,,-1045,-1223,7457,0000,8000,0000
87,0,-1,0000,0EFF,Link,,1322,-1218,3871,0000,C000,0000
87,0,-1,0000,0FFF,Link,,-912,-1544,3759,0000,0000,0000
87,0,-1,0000,0DFF,Link,,-1045,-1223,7460,0000,8000,0000
87,2,-1,0000,0FFF,Link,,-2093,-1037,705,0000,0000,0000
87,2,-1,0000,0FFF,Link,,-3921,-1138,2533,0000,238E,0000
87,2,-1,0000,0FFF,Link,,-917,-2201,6359,0000,8000,0000
87,2,-1,0000,0FFF,Link,,-2093,-1037,706,0000,0000,0000
87,2,-1,0000,0EFF,Link,,-2423,-1033,3861,0000,4000,0000
87,2,-1,0000,0DFF,Link,,-1254,-1243,7361,0000,4000,0000
87,2,-1,0000,0EFF,Link,,1329,-1218,3872,0000,C000,0000
87,2,-1,0000,0FFF,Link,,-918,-1543,3761,0000,0000,0000
87,2,-1,0000,0DFF,Link,,-1045,-1223,7460,0000,8000,0000
87,2,-1,0000,0200,Link,,-1045,-1223,7460,0000,8000,0000
87,4,-1,0000,02FF,Link,,-1044,-1243,7458,0000,0000,0000
87,5,-1,0000,00FF,Link,,-1044,-1243,7458,0000,0000,0000
88,0,-1,0000,0FFF,Link,,-1112,210,-160,0000,4000,0000
88,0,-1,0000,0FFF,Link,,540,996,-2503,0000,18E4,0000
88,0,-1,0000,0FFF,Link,,524,52,254,0000,2444,0000
88,0,-1,0000,0DFF,Link,,623,947,-1499,0000,9E94,0000
88,0,-1,0000,0FFF,Link,,-208,-210,-280,0000,8E39,0000
88,2,-1,0000,0FFF,Link,,-1150,210,-150,0000,4000,0000
88,2,-1,0000,0FFF,Link,,537,996,-2501,0000,18E4,0000
88,2,-1,0000,0EFF,Link,,520,52,248,0000,2444,0000
88,2,-1,0000,0DFF,Link,,617,947,-1507,0000,905B,0000
88,2,-1,0000,0FFF,Link,,-208,-210,-280,0000,8E39,0000
88,4,-1,0000,00FF,Link,,922,899,-1341,0000,0000,0000
89,0,-1,0000,0FFF,Link,,-1480,-10,1755,0000,3555,0000
89,0,-1,0000,0FFF,Link,,-1560,52,-46,0000,C000,0000
89,0,-1,0000,0FFF,Link,,-2361,2,674,0000,8000,0000
89,0,-1,0000,0DFF,Link,,-252,111,-1735,0000,0000,0000
89,0,-1,0000,0FFF,Link,,-1599,20,2598,0000,8000,0000
89,0,-1,0000,0FFF,Link,,232,60,2693,0000,8000,0000
89,1,-1,0000,0FFF,Link,,-1480,-10,1755,0000,3555,0000
89,1,-1,0000,0FFF,Link,,-1560,52,-46,0000,C000,0000
89,1,-1,0000,0FFF,Link,,-2361,2,674,0000,8000,0000
89,1,-1,0000,0DFF,Link,,-252,111,-1735,0000,0000,0000
89,1,-1,0000,0FFF,Link,,-1599,20,2598,0000,8000,0000
89,1,-1,0000,0FFF,Link,,232,60,2693,0000,8000,0000
89,2,-1,0000,0FFF,Link,,-1480,-10,1755,0000,3555,0000
89,2,-1,0000,0FFF,Link,,-1560,52,-46,0000,C000,0000
89,2,-1,0000,0FFF,Link,,-2361,2,674,0000,8000,0000
89,2,-1,0000,0DFF,Link,,-252,101,-1735,0000,0000,0000
89,2,-1,0000,0FFF,Link,,-1599,20,2598,0000,8000,0000
89,2,-1,0000,0FFF,Link,,232,60,2693,0000,8000,0000
89,4,-1,0000,0FFF,Link,,-2047,20,251,0000,8000,0000
89,5,-1,0000,0FFF,Link,,-2021,20,-32,0000,42D8,0000
89,5,-1,0000,0FFF,Link,,-1690,52,-46,0000,C000,0000
89,5,-1,0000,0FFF,Link,,345,20,2610,0000,8000,0000
89,5,-1,0000,0FFF,Link,,1759,239,138,0000,CAAB,0000
89,5,-1,0000,0FFF,Link,,-1599,20,2598,0000,8000,0000
89,6,-1,0000,0FFF,Link,,-2021,20,-32,0000,42D8,0000
89,6,-1,0000,0FFF,Link,,-1690,52,-46,0000,C000,0000
89,6,-1,0000,0FFF,Link,,345,20,2610,0000,8000,0000
89,6,-1,0000,0FFF,Link,,1759,239,138,0000,CAAB,0000
89,6,-1,0000,0FFF,Link,,-1599,20,2598,0000,8000,0000
90,0,-1,0000,0FFF,Link,,2664,-269,778,0000,8E39,0000
90,0,-1,0000,0FFF,Link,,187,-2828,2447,0000,8000,0000
90,0,-1,0000,0FFF,Link,,-3804,354,-1227,0000,4000,0000
90,0,-1,0000,0FFF,Link,,-3262,239,-761,0000,1C72,0000
90,0,-1,0000,0FFF,Link,,-982,15,-362,0000,09F5,0000
90,2,-1,0000,0FFF,Link,,2664,-269,778,0000,8E39,0000
90,2,-1,0000,07FF,Link,,-1025,15,-355,0000,5111,0000
90,2,-1,0000,0FFF,Link,,-3804,354,-1227,0000,4000,0000
90,2,-1,0000,0FFF,Link,,-3264,239,-757,0000,1C72,0000
90,2,-1,0000,0FFF,Link,,-973,15,-362,0000,09F5,0000
90,4,-1,0000,00FF,Link,,-900,29,379,0000,5555,0000
90,5,-1,0000,00FF,Link,,1577,-220,-256,0000,5555,0000
90,6,-1,0000,0FFF,Link,,1086,99,-807,0000,16C1,0000
91,0,-1,0000,0FFF,Link,,-3,0,295,0000,8000,0000
91,0,-1,0000,0FFF,Link,,802,0,-2740,0000,0000,0000
91,0,-1,0000,0FFF,Link,,-304,0,1,0000,4000,0000
91,0,-1,0000,0FFF,Link,,-2,0,-308,0000,0000,0000
91,0,-1,0000,0FFF,Link,,300,0,-1,0000,C000,0000
91,0,-1,0000,0FFF,Link,,1876,0,-2396,0000,C000,0000
91,0,-1,0000,0FFF,Link,,794,-26,-1112,0000,0000,0000
91,0,-1,0000,0FFF,Link,,2188,-260,-855,0000,C000,0000
91,0,-1,0000,0FFF,Link,,-1509,-200,1603,0000,3B06,0000
91,0,-1,0000,0FFF,Link,,-901,-200,1601,0000,C000,0000
91,2,-1,0000,0FFF,Link,,-1,0,305,0000,8000,0000
91,2,-1,0000,0FFF,Link,,802,0,-2589,0000,0000,0000
91,2,-1,0000,0DFF,Link,,-1023,0,-129,0000,C000,0000
91,2,-1,0000,0FFF,Link,,-1,0,-296,0000,0000,0000
91,2,-1,0000,0FFF,Link,,292,0,0,0000,C000,0000
91,2,-1,0000,0FFF,Link,,1908,0,-2387,0000,C000,0000
91,2,-1,0000,0FFF,Link,,797,-15,-1091,0000,0000,0000
91,2,-1,0000,0FFF,Link,,2134,-196,-851,0000,C000,0000
91,2,-1,0000,0FFF,Link,,-1502,-200,1600,0000,3B06,0000
91,2,-1,0000,0FFF,Link,,-901,-200,1602,0000,C000,0000
91,4,-1,0000,0FFF,Link,,-1235,-220,1602,0000,0000,0000
92,0,-1,0000,0FFF,Link,,3789,7,-259,0000,C000,0000
92,0,-1,0000,0EFF,Link,,-1548,48,2,0000,4000,0000
92,0,-1,0000,0EFF,Link,,-1662,733,592,0000,8000,0000
92,0,-1,0000,0EFF,Link,,-1646,738,-519,0000,0000,0000
92,0,-1,0000,0FFF,Link,,-1185,8,1,0000,4000,0000
92,0,-1,0000,0DFF,Link,,-850,20,-2070,0000,1555,0000
92,0,-1,0000,0DFF,Link,,-1555,726,375,0000,5C72,0000
92,0,-1,0000,0FFF,Link,,2260,105,-1425,0000,0000,0000
92,2,-1,0000,0FFF,Link,,3789,7,-259,0000,C000,0000
92,2,-1,0000,0EFF,Link,,-1548,48,2,0000,4000,0000
92,2,-1,0000,0EFF,Link,,-1664,733,593,0000,8000,0000
92,2,-1,0000,0EFF,Link,,-1648,738,-516,0000,0000,0000
92,2,-1,0000,0DFF,Link,,-1185,8,1,0000,4000,0000
92,2,-1,0000,0DFF,Link,,-850,20,-2070,0000,1555,0000
92,2,-1,0000,0DFF,Link,,-1555,726,375,0000,5C72,0000
92,2,-1,0000,0FFF,Link,,2260,105,-1425,0000,0000,0000
92,2,-1,0000,0200,Link,,-850,20,-2070,0000,1555,0000
92,4,-1,0000,0FFF,Link,,31,20,-1065,0000,0000,0000
92,5,-1,0000,0FFF,Link,,31,20,-1065,0000,0000,0000
93,0,-1,0000,0FFF,Link,,-842,3,-84,0000,8000,0000
93,0,-1,0000,0D00,Link,,200,333,-2554,0000,C000,0000
93,0,-1,0000,0D01,Link,,410,333,-1794,0000,0000,0000
93,0,-1,0000,0D02,Link,,626,333,-1718,0000,C000,0000
93,0,-1,0000,0D03,Link,,629,533,-1401,0000,C000,0000
93,0,-1,0000,0D04,Link,,222,333,-1347,0000,C000,0000
93,0,-1,0000,0D05,Link,,679,533,-2056,0000,00B6,0000
93,0,-1,0000,0D06,Link,,325,572,-1084,0000,C000,0000
93,0,-1,0000,0D07,Link,,947,733,-1207,0000,8000,0000
93,0,-1,0000,0D08,Link,,931,733,-1404,0000,C000,0000
93,0,-1,0000,0D09,Link,,1230,834,-1769,0000,C000,0000
93,0,-1,0000,0D0A,Link,,763,640,-2662,0000,C000,0000
93,0,-1,0000,0DFF,Link,,314,1113,-2982,0000,C889,0000
93,0,-1,0000,0D0B,Link,,1249,653,-2061,0000,0000,0000
93,0,-1,0000,0D0C,Link,,40,333,-1022,0000,C000,0000
93,0,-1,0000,0EFF,Link,,-1786,12,-3382,0000,382E,0000
93,0,-1,0000,0DFF,Link,,3662,1413,-507,0000,4000,0000
93,0,-1,0000,0DFF,Link,,188,733,-2919,0000,0000,0000
93,2,-1,0000,0FFF,Link,,-842,3,-84,0000,8000,0000
93,2,-1,0000,0D00,Link,,200,333,-2554,0000,C000,0000
93,2,-1,0000,0D01,Link,,410,333,-1794,0000,0000,0000
93,2,-1,0000,0D02,Link,,626,333,-1718,0000,C000,0000
93,2,-1,0000,0D03,Link,,629,533,-1401,0000,C000,0000
93,2,-1,0000,0D04,Link,,222,333,-1347,0000,C000,0000
93,2,-1,0000,0D05,Link,,679,533,-2056,0000,00B6,0000
93,2,-1,0000,0D06,Link,,325,572,-1084,0000,C000,0000
93,2,-1,0000,0D07,Link,,947,733,-1207,0000,8000,0000
93,2,-1,0000,0D08,Link,,931,733,-1404,0000,C000,0000
93,2,-1,0000,0D09,Link,,1230,834,-1769,0000,C000,0000
93,2,-1,0000,0D0A,Link,,763,640,-2662,0000,C000,0000
93,2,-1,0000,0DFF,Link,,314,1113,-2982,0000,C889,0000
93,2,-1,0000,0D0B,Link,,1249,653,-2061,0000,0000,0000
93,2,-1,0000,0D0C,Link,,40,333,-1022,0000,C000,0000
93,2,-1,0000,0EFF,Link,,-1786,12,-3382,0000,382E,0000
93,2,-1,0000,0DFF,Link,,3662,1413,-507,0000,4000,0000
93,2,-1,0000,0DFF,Link,,188,733,-2919,0000,0000,0000
93,2,-1,0000,0DFF,Link,,188,733,-2919,0000,0000,0000
93,3,-1,0000,0FFF,Link,,-842,3,-84,0000,8000,0000
93,3,-1,0000,0D00,Link,,200,333,-2554,0000,C000,0000
93,3,-1,0000,0D01,Link,,410,333,-1794,0000,0000,0000
93,3,-1,0000,0D02,Link,,626,333,-1718,0000,C000,0000
93,3,-1,0000,0D03,Link,,629,533,-1401,0000,C000,0000
93,3,-1,0000,0D04,Link,,222,333,-1347,0000,C000,0000
93,3,-1,0000,0D05,Link,,679,533,-2056,0000,00B6,0000
93,3,-1,0000,0D06,Link,,325,572,-1084,0000,C000,0000
93,3,-1,0000,0D07,Link,,947,733,-1207,0000,8000,0000
93,3,-1,0000,0D08,Link,,931,733,-1404,0000,C000,0000
93,3,-1,0000,0D09,Link,,1230,834,-1769,0000,C000,0000
93,3,-1,0000,0D0A,Link,,763,640,-2662,0000,C000,0000
93,3,-1,0000,0DFF,Link,,314,1113,-2982,0000,C889,0000
93,3,-1,0000,0D0B,Link,,1249,653,-2061,0000,0000,0000
93,3,-1,0000,0D0C,Link,,40,333,-1022,0000,C000,0000
93,3,-1,0000,0EFF,Link,,-1786,12,-3382,0000,382E,0000
93,3,-1,0000,0DFF,Link,,3662,1413,-507,0000,4000,0000
93,3,-1,0000,0DFF,Link,,188,733,-2919,0000,0000,0000
93,3,-1,0000,0DFF,Link,,188,733,-2919,0000,0000,0000
93,4,-1,0000,0FFF,Link,,3336,1447,191,0000,8000,0000
93,4,-1,0000,0F00,Link,,60,347,-1020,0000,C000,0000
93,4,-1,0000,0F01,Link,,406,333,-1837,0000,0000,0000
93,4,-1,0000,0F01,Link,,269,333,-1349,0000,C000,0000
93,4,-1,0000,0F01,Link,,669,533,-1402,0000,C000,0000
93,4,-1,0000,0F00,Link,,377,572,-1087,0000,C000,0000
93,4,-1,0000,0F00,Link,,948,733,-1163,0000,8000,0000
93,4,-1,0000,0F01,Link,,980,733,-1399,0000,C000,0000
93,4,-1,0000,0F01,Link,,676,533,-2113,0000,00B6,0000
93,4,-1,0000,0F01,Link,,1280,834,-1769,0000,C000,0000
93,4,-1,0000,0F03,Link,,804,640,-2656,0000,C000,0000
93,4,-1,0000,0F01,Link,,680,333,-1717,0000,C000,0000
93,4,-1,0000,0F03,Link,,250,333,-2559,0000,C000,0000
93,4,-1,0000,0F01,Link,,1244,653,-2113,0000,0000,0000
93,4,-1,0000,0FFF,Link,,359,1113,-2990,0000,C889,0000
93,4,-1,0000,0FFF,Link,,-1849,11,-3432,0000,382E,0000
93,5,-1,0000,00FF,Link,,86,1113,-2676,0000,8000,0000
93,6,-1,0000,0FFF,Link,,174,737,-2932,0000,8000,0000
94,0,-1,0000,0EFF,Link,,4500,-360,3039,0000,C000,0000
94,0,-1,0000,0EFF,Link,,-4265,-38,-1101,0000,4000,0000
95,0,-1,0000,0FFF,Link,,-225,1086,3743,0000,9555,0000
95,0,-1,0000,0DFF,Link,,575,1617,-310,0000,4000,0000
95,0,-1,0000,0DFF,Link,,2627,1142,2567,0000,D05B,0000
95,0,-1,0000,0700,Link,,908,1561,-498,0000,8000,0000
95,0,-1,0000,07FF,Link,,913,1109,2937,0000,4000,0000
96,0,-1,0000,0FFF,Link,,-1344,118,2221,0000,AAAB,0000
96,0,-1,0000,0FFF,Link,,-407,1191,-1860,0000,0000,0000
96,0,-1,0000,0FFF,Link,,230,3263,-4670,0000,F1C7,0000
96,0,-1,0000,0FFF,Link,,-1671,677,-924,0000,0000,0000
96,0,-1,0000,0FFF,Link,,-249,3314,-4497,0000,13E9,0000
96,0,-1,0000,0DFF,Link,,-1706,942,558,0000,0000,0000
96,2,-1,0000,0FFF,Link,,-1344,118,2221,0000,AAAB,0000
96,2,-1,0000,0FFF,Link,,-407,1191,-1860,0000,0000,0000
96,2,-1,0000,0FFF,Link,,230,3263,-4670,0000,F1C7,0000
96,2,-1,0000,0FFF,Link,,-1695,683,-535,0000,0000,0000
96,2,-1,0000,0FFF,Link,,-206,3295,-4391,0000,127D,0000
96,2,-1,0000,0FFF,Link,,-1547,178,2130,0000,2CCD,0000
96,4,-1,0000,0F00,Link,,-1480,161,2152,0000,B777,0000
96,5,-1,0000,0206,Link,,-1682,716,-446,0000,B777,0000
96,6,-1,0000,0206,Link,,-1682,716,-446,0000,B777,0000
96,7,-1,0000,0006,Link,,-1682,716,-446,0000,B777,0000
96,8,-1,0000,00FF,Link,,272,3216,-4751,0000,0000,0000
97,0,-1,0000,0FFF,Link,,-1114,1360,2065,0000,51C7,0000
97,0,-1,0000,0FFF,Link,,-1705,722,13,0000,4EEF,0000
97,0,-1,0000,0FFF,Link,,12,-350,-1419,0000,8000,0000
97,0,-1,0000,0FFF,Link,,-1287,829,941,0000,471C,0000
97,0,-1,0000,0DFF,Link,,0,441,0,0000,8000,0000
97,2,-1,0000,0FFF,Link,,-1121,1360,2076,0000,51C7,0000
97,2,-1,0000,0FFF,Link,,-1749,722,26,0000,4EEF,0000
97,2,-1,0000,0FFF,Link,,12,-350,-1419,0000,8000,0000
97,2,-1,0000,0FFF,Link,,-1287,829,941,0000,471C,0000
97,2,-1,0000,0DFF,Link,,0,441,0,0000,8000,0000
97,2,-1,0000,0200,Link,,0,441,0,0000,8000,0000
97,4,-1,0000,0FFF,Link,,-821,769,1221,0000,0000,0000
97,5,-1,0000,0FFF,Link,,-821,769,1221,0000,0000,0000
98,0,-1,0000,0FFF,Link,,56,600,1104,0000,8000,0000
98,0,-1,0000,0D00,Link,,90,40,-1416,0000,0000,0000
98,0,-1,0000,0DFF,Link,,-134,-3,-42,0000,4CCD,0000
98,0,-1,0000,0DFF,Link,,441,196,1153,0000,8CCD,0000
98,2,-1,0000,0FFF,Link,,56,600,1104,0000,8000,0000
98,2,-1,0000,0D00,Link,,47,40,-1523,0000,E889,0000
98,2,-1,0000,0DFF,Link,,-134,-3,-42,0000,4CCD,0000
98,2,-1,0000,0DFF,Link,,441,196,1153,0000,8CCD,0000
98,4,-1,0000,0DFF,Link,,90,40,-1416,0000,0000,0000
98,5,-1,0000,00FF,Link,,-23,40,-1234,0000,4D83,0000
99,0,-1,0000,0FFF,Link,,1107,0,-3740,0000,CE39,0000
99,0,-1,0000,0DFF,Link,,61,0,-612,0000,0000,0000
99,0,-1,0000,0FFF,Link,,129,0,2025,0000,8000,0000
99,0,-1,0000,0FFF,Link,,-2183,0,56,0000,4000,0000
99,0,-1,0000,0E00,Link,,985,1,-3098,0000,C000,0000
99,0,-1,0000,0E00,Link,,729,1,-2898,0000,8000,0000
99,0,-1,0000,0FFF,Link,,-1923,0,-2220,0000,0000,0000
99,0,-1,0000,0FFF,Link,,-1798,0,-2220,0000,0000,0000
99,0,-1,0000,0FFF,Link,,-1663,0,-2185,0000,0000,0000
99,0,-1,0000,0FFF,Link,,-1502,0,-2194,0000,0000,0000
99,0,-1,0000,0E01,Link,,-1504,0,1490,0000,4000,0000
99,1,-1,0000,0FFF,Link,,1107,0,-3740,0000,CE39,0000
99,1,-1,0000,0DFF,Link,,61,0,-612,0000,0000,0000
99,1,-1,0000,0FFF,Link,,129,0,2025,0000,8000,0000
99,1,-1,0000,0FFF,Link,,-2183,0,56,0000,4000,0000
99,1,-1,0000,0E00,Link,,985,1,-3099,0000,C000,0000
99,1,-1,0000,0E00,Link,,727,1,-2899,0000,8000,0000
99,1,-1,0000,0FFF,Link,,-1926,0,-2106,0000,0000,0000
99,1,-1,0000,0FFF,Link,,-1723,0,-2135,0000,0000,0000
99,1,-1,0000,0FFF,Link,,-1940,0,-1802,0000,0000,0000
99,1,-1,0000,0FFF,Link,,-1651,0,-1845,0000,0000,0000
99,1,-1,0000,0E01,Link,,-1506,0,1487,0000,4000,0000
99,2,-1,0000,0FFF,Link,,1107,0,-3740,0000,CE39,0000
99,2,-1,0000,0FFF,Link,,2074,0,33,0000,C000,0000
99,2,-1,0000,0FFF,Link,,129,0,2025,0000,8000,0000
99,2,-1,0000,0FFF,Link,,-2183,0,56,0000,4000,0000
99,2,-1,0000,0E00,Link,,989,1,-3100,0000,C000,0000
99,2,-1,0000,0E00,Link,,726,1,-2897,0000,8000,0000
99,2,-1,0000,0DFF,Link,,-107,0,-1397,0000,ACCD,0000
99,2,-1,0000,0DFF,Link,,-105,1,-1637,0000,CE39,0000
99,2,-1,0000,0DFF,Link,,-105,1,-1637,0000,CE39,0000
99,2,-1,0000,0DFF,Link,,-105,1,-1637,0000,CE39,0000
99,2,-1,0000,0E01,Link,,-1505,0,1487,0000,4000,0000
99,3,-1,0000,0FFF,Link,,1107,0,-3740,0000,CE39,0000
99,3,-1,0000,0FFF,Link,,2074,0,33,0000,C000,0000
99,3,-1,0000,0FFF,Link,,129,0,2025,0000,8000,0000
99,3,-1,0000,0FFF,Link,,-2183,0,56,0000,4000,0000
99,3,-1,0000,0E00,Link,,988,1,-3097,0000,C000,0000
99,3,-1,0000,0E00,Link,,728,1,-2896,0000,8000,0000
99,3,-1,0000,0DFF,Link,,-107,0,-1397,0000,ACCD,0000
99,3,-1,0000,0DFF,Link,,-105,1,-1637,0000,CE39,0000
99,3,-1,0000,0DFF,Link,,-105,1,-1637,0000,CE39,0000
99,3,-1,0000,0DFF,Link,,-105,1,-1637,0000,CE39,0000
99,3,-1,0000,0E01,Link,,-1506,0,1491,0000,4000,0000
99,4,-1,0000,0FFF,Link,,599,1,451,0000,C000,0000
99,5,-1,0000,0FFF,Link,,1107,0,-3740,0000,E000,0000
99,6,-1,0000,00FF,Link,,-231,0,568,0000,0000,0000
99,7,-1,0000,00FF,Link,,-652,0,280,0000,760B,0000
99,8,-1,0000,00FF,Link,,-231,0,568,0000,0000,0000
99,9,-1,0000,00FF,Link,,-231,0,568,0000,0000,0000
99,10,-1,0000,00FF,Link,,-231,0,568,0000,0000,0000
99,11,-1,0000,00FF,Link,,-231,0,568,0000,0000,0000
100,0,-1,0000,0FFF,Link,,-453,1085,3400,0000,8000,0000
100,0,-1,0000,0FFF,Link,,-341,1624,707,0000,0000,0000
100,0,-1,0000,0FFF,Link,,2956,1186,525,0000,C000,0000
100,4,-1,0000,0FFF,Link,,-366,1063,3833,0000,8000,0000
100,4,-1,0000,0FFF,Link,,-341,1624,707,0000,0000,0000
100,4,-1,0000,0FFF,Link,,3018,1186,556,0000,C000,0000
Total: 806
