Scene,Setup,Room
0,0,7,0059,2012,Bombable Wall,Perm: 12,-2345,-760,-381,0000,2000,0000
1,0,0,0059,A000,Bombable Wall,Perm: 00,820,0,-1520,0000,C000,0000
1,0,0,0059,0007,Bombable Wall,Plays Dodongo's Cavern Cutscene Perm: 07,0,0,20,0000,0000,0000
1,0,0,0059,A00C,Bombable Wall,Perm: 0C,-708,531,-1540,0000,4000,0000
1,0,0,0059,A01D,Bombable Wall,Perm: 1D,-820,0,-920,0000,4000,0000
1,0,0,0059,A01F,Bombable Wall,Perm: 1F,820,0,-320,0000,C000,0000
1,0,1,0059,A001,Bombable Wall,Perm: 01,2560,0,-107,0000,8000,0000
1,0,2,0059,A002,Bombable Wall,Perm: 02,-1960,0,-1040,0000,8000,0000
1,0,4,0059,A01B,Bombable Wall,Perm: 1B,2433,100,-2683,0000,0000,0000
1,0,8,0059,A003,Bombable Wall,Perm: 03,1473,76,-4004,0000,0000,0000
1,0,9,0059,A004,Bombable Wall,Perm: 04,1840,411,-1300,0000,0000,0000
1,0,9,0059,A014,Bombable Wall,Perm: 14,2020,531,-320,0000,C000,0000
18,0,1,0059,4001,Bombable Wall,Plays Dodongo's Cavern Cutscene Perm: 01,-890,-744,-2784,0000,0000,0000
62,0,8,0059,A023,Bombable Wall,Temp: 03,1826,-4,1142,0000,0000,0000
62,0,8,0059,A024,Bombable Wall,Temp: 04,1648,0,1453,0000,5555,0000
62,0,8,0059,2025,Bombable Wall,Temp: 05,1999,0,1451,0000,AAAB,0000
64,0,0,0059,A001,Bombable Wall,Perm: 01,-28,20,386,0000,0000,0000
65,4,0,0059,2001,Bombable Wall,Perm: 01,-1,120,1119,0000,0000,0000
65,5,0,0059,2001,Bombable Wall,Perm: 01,-1,120,1119,0000,0000,0000
98,0,2,0059,2005,Bombable Wall,Perm: 05,-508,398,1366,0000,42D8,0000
98,0,2,0059,A006,Bombable Wall,Perm: 06,-609,398,1351,0000,3B06,0000
98,2,2,0059,2005,Bombable Wall,Perm: 05,-508,398,1366,0000,42D8,0000
98,2,2,0059,A006,Bombable Wall,Perm: 06,-609,398,1351,0000,3B06,0000
98,4,2,0059,2002,Bombable Wall,Perm: 02,-363,400,1207,0000,782E,0000
98,4,2,0059,2004,Bombable Wall,Perm: 04,-404,400,1319,0000,6222,0000
98,4,2,0059,2005,Bombable Wall,Perm: 05,-508,400,1366,0000,42D8,0000
98,4,2,0059,2006,Bombable Wall,Perm: 06,-609,400,1351,0000,3B06,0000
98,0,3,0059,A001,Bombable Wall,Perm: 01,-248,-3,-3,0000,4AAB,0000
98,0,3,0059,2002,Bombable Wall,Perm: 02,-315,398,780,0000,7A50,0000
98,0,3,0059,2004,Bombable Wall,Perm: 04,-325,398,860,0000,7A50,0000
98,2,3,0059,2002,Bombable Wall,Perm: 02,-315,398,780,0000,7A50,0000
98,2,3,0059,2004,Bombable Wall,Perm: 04,-325,398,860,0000,7A50,0000
98,4,3,0059,2002,Bombable Wall,Perm: 02,-363,400,1207,0000,782E,0000
98,4,3,0059,2004,Bombable Wall,Perm: 04,-404,400,1319,0000,6222,0000
Total: 34
