Scene,Setup,Room
7,0,12,0112,19CB,Invisible Collectible,03 07 0B,-5061,-1050,-1587,0000,C000,0001
11,0,4,0112,1093,Invisible Collectible,02 02 13,-68,88,-2752,0000,0000,0001
11,0,5,0112,1AB0,Invisible Collectible,03 0A 30,1442,112,-2457,0000,8000,0001
11,0,7,0112,1AE7,Invisible Collectible,03 0B 27,1481,112,-560,0000,0000,0001
12,0,0,0112,1D3F,Invisible Collectible,03 14 3F,820,214,-3511,0000,0000,0001
12,0,0,0112,1D3F,Invisible Collectible,03 14 3F,38,210,-3509,0000,0000,0001
12,0,1,0112,1D3F,Invisible Collectible,03 14 3F,1666,112,-2323,0000,0000,0001
12,0,1,0112,1D3F,Invisible Collectible,03 14 3F,1378,107,-2829,0000,0000,0001
12,0,2,0112,1D3F,Invisible Collectible,03 14 3F,-307,172,-2200,0000,0000,0001
12,0,2,0112,1D3F,Invisible Collectible,03 14 3F,-305,172,-2633,0000,0000,0001
12,0,3,0112,1D3F,Invisible Collectible,03 14 3F,1204,93,-610,0000,0000,0001
12,0,3,0112,12BF,Invisible Collectible,02 0A 3F,1940,40,-585,0000,0000,0001
12,0,4,0112,1D3F,Invisible Collectible,03 14 3F,77,-72,-1345,0000,0000,0001
12,0,4,0112,1D3F,Invisible Collectible,03 14 3F,71,-70,-928,0000,0000,0001
12,0,5,0112,1D3F,Invisible Collectible,03 14 3F,-65,174,173,0000,0000,0001
12,0,5,0112,1D3F,Invisible Collectible,03 14 3F,709,166,180,0000,0000,0001
32,0,0,0112,123F,Invisible Collectible,02 08 3F,-523,180,-340,0000,0000,0001
32,0,0,0112,123F,Invisible Collectible,02 08 3F,-523,180,-224,0000,0000,0001
32,0,0,0112,123F,Invisible Collectible,02 08 3F,-521,180,-113,0000,0000,0001
32,0,0,0112,123F,Invisible Collectible,02 08 3F,-521,180,-2,0000,0000,0001
32,0,0,0112,123F,Invisible Collectible,02 08 3F,-516,180,117,0000,0000,0001
33,0,0,0112,1241,Invisible Collectible,02 09 01,-524,180,-246,0000,0000,0001
33,0,0,0112,1242,Invisible Collectible,02 09 02,-521,180,27,0000,0000,0001
45,0,0,0112,1250,Invisible Collectible,02 09 10,146,0,-97,0000,0000,0001
55,0,0,0112,1282,Invisible Collectible,02 0A 02,153,91,-266,0000,0000,0001
72,0,1,0112,123F,Invisible Collectible,02 08 3F,391,-570,-2681,0000,0000,0001
72,0,1,0112,123F,Invisible Collectible,02 08 3F,394,-570,-2588,0000,0000,0001
72,0,1,0112,123F,Invisible Collectible,02 08 3F,475,-570,-2591,0000,0000,0001
72,0,1,0112,123F,Invisible Collectible,02 08 3F,562,-570,-2588,0000,0000,0001
72,0,1,0112,123F,Invisible Collectible,02 08 3F,621,-510,-3219,0000,0000,0001
72,0,2,0112,123F,Invisible Collectible,02 08 3F,570,-570,-5778,0000,0000,0001
72,0,2,0112,123F,Invisible Collectible,02 08 3F,353,-570,-5825,0000,0000,0001
72,0,2,0112,123F,Invisible Collectible,02 08 3F,1666,-730,-5736,0000,0000,0001
72,0,2,0112,123F,Invisible Collectible,02 08 3F,2549,-730,-4598,0000,0000,0001
72,0,2,0112,123F,Invisible Collectible,02 08 3F,2547,-730,-4847,0000,0000,0001
72,0,3,0112,123F,Invisible Collectible,02 08 3F,2726,-730,-3634,0000,0000,0001
72,0,3,0112,123F,Invisible Collectible,02 08 3F,2377,-730,-3398,0000,0000,0001
72,0,3,0112,123F,Invisible Collectible,02 08 3F,2633,-730,-3394,0000,0000,0001
72,0,3,0112,123F,Invisible Collectible,02 08 3F,2728,-730,-3500,0000,0000,0001
72,0,3,0112,123F,Invisible Collectible,02 08 3F,1308,-668,-3125,0000,0000,0001
74,0,0,0112,47C0,Invisible Collectible,08 1F 00,0,125,476,0000,0000,0000
74,0,0,0112,1A81,Invisible Collectible,03 0A 01,0,125,-481,0000,0000,0004
81,0,0,0112,12BF,Invisible Collectible,02 0A 3F,-99,405,662,0000,0000,0001
81,0,0,0112,12BF,Invisible Collectible,02 0A 3F,-1,401,665,0000,0000,0001
81,0,0,0112,12BF,Invisible Collectible,02 0A 3F,93,401,659,0000,0000,0001
81,1,0,0112,12BF,Invisible Collectible,02 0A 3F,-99,405,662,0000,0000,0001
81,1,0,0112,12BF,Invisible Collectible,02 0A 3F,-1,401,665,0000,0000,0001
81,1,0,0112,12BF,Invisible Collectible,02 0A 3F,93,401,659,0000,0000,0001
82,0,0,0112,129F,Invisible Collectible,02 0A 1F,148,300,1165,0000,0000,0001
82,1,0,0112,129F,Invisible Collectible,02 0A 1F,148,300,1165,0000,0000,0001
84,0,0,0112,123F,Invisible Collectible,02 08 3F,-1296,19,242,0000,0000,0001
84,0,0,0112,123F,Invisible Collectible,02 08 3F,-1290,-99,862,0000,0000,0001
84,0,0,0112,123F,Invisible Collectible,02 08 3F,-1288,-101,668,0000,0000,0001
84,0,0,0112,123F,Invisible Collectible,02 08 3F,-1288,-99,1052,0000,0000,0001
84,0,0,0112,123F,Invisible Collectible,02 08 3F,-1287,-100,457,0000,0000,0001
84,0,0,0112,123F,Invisible Collectible,02 08 3F,-1063,10,-4,0000,0000,0001
84,0,0,0112,123F,Invisible Collectible,02 08 3F,-860,26,-38,0000,0000,0001
84,0,0,0112,123F,Invisible Collectible,02 08 3F,-145,140,-938,0000,0000,0001
84,0,0,0112,123F,Invisible Collectible,02 08 3F,-142,15,-383,0000,0000,0001
84,0,0,0112,123F,Invisible Collectible,02 08 3F,-141,18,-588,0000,0000,0001
84,0,0,0112,123F,Invisible Collectible,02 08 3F,9,140,-1158,0000,0000,0001
84,0,0,0112,123F,Invisible Collectible,02 08 3F,158,84,6,0000,0000,0001
84,0,0,0112,123F,Invisible Collectible,02 08 3F,269,140,-1018,0000,0000,0001
84,0,0,0112,123F,Invisible Collectible,02 08 3F,353,83,9,0000,0000,0001
84,0,0,0112,123F,Invisible Collectible,02 08 3F,509,140,-1223,0000,0000,0001
84,0,0,0112,123F,Invisible Collectible,02 08 3F,520,81,12,0000,0000,0001
84,0,0,0112,123F,Invisible Collectible,02 08 3F,670,140,3,0000,0000,0001
84,0,0,0112,123F,Invisible Collectible,02 08 3F,902,140,-150,0000,0000,0001
84,0,0,0112,123F,Invisible Collectible,02 08 3F,1020,140,-973,0000,0000,0001
84,0,0,0112,123F,Invisible Collectible,02 08 3F,1021,140,-224,0000,0000,0001
84,0,0,0112,123F,Invisible Collectible,02 08 3F,1124,140,-803,0000,0000,0001
84,0,0,0112,123F,Invisible Collectible,02 08 3F,1144,140,-296,0000,0000,0001
84,0,0,0112,123F,Invisible Collectible,02 08 3F,1204,140,-608,0000,0000,0001
84,0,0,0112,123F,Invisible Collectible,02 08 3F,1287,140,-363,0000,0000,0001
84,0,0,0112,127F,Invisible Collectible,02 09 3F,-147,18,-736,0000,0000,0001
84,0,0,0112,127F,Invisible Collectible,02 09 3F,786,140,-74,0000,0000,0001
84,0,0,0112,12BF,Invisible Collectible,02 0A 3F,-141,12,-218,0000,0000,0001
84,0,1,0112,123F,Invisible Collectible,02 08 3F,2831,460,-1421,0000,0000,0001
84,0,1,0112,123F,Invisible Collectible,02 08 3F,2987,460,-1499,0000,0000,0001
84,0,1,0112,123F,Invisible Collectible,02 08 3F,3161,460,-1493,0000,0000,0001
84,0,1,0112,123F,Invisible Collectible,02 08 3F,3329,460,-1499,0000,0000,0001
85,0,0,0112,1A53,Invisible Collectible,03 09 13,-488,140,600,0000,B27D,0000
85,0,0,0112,2A63,Invisible Collectible,05 09 23,1074,0,178,0000,0000,0002
85,0,0,0112,37E3,Invisible Collectible,06 1F 23,1069,0,406,0000,0000,0000
85,0,0,0112,37E3,Invisible Collectible,06 1F 23,1074,0,-80,0000,0000,0001
85,0,0,0112,0FE0,Invisible Collectible,01 1F 20,188,3,-198,0000,0000,0001
85,0,0,0112,0FE0,Invisible Collectible,01 1F 20,548,3,-158,0000,0000,0000
85,0,0,0112,0260,Invisible Collectible,00 09 20,364,0,28,0000,0000,0002
85,0,0,0112,1214,Invisible Collectible,02 08 14,-747,165,951,0000,0000,0001
85,0,0,0112,1215,Invisible Collectible,02 08 15,-698,166,830,0000,0000,0001
85,0,0,0112,1256,Invisible Collectible,02 09 16,-677,166,899,0000,0000,0001
85,0,2,0112,123F,Invisible Collectible,02 08 3F,-590,120,1635,0000,0000,0001
85,0,2,0112,123F,Invisible Collectible,02 08 3F,-584,120,1762,0000,0000,0001
86,0,0,0112,123F,Invisible Collectible,02 08 3F,-204,0,1283,0000,0000,0001
86,0,0,0112,123F,Invisible Collectible,02 08 3F,100,0,1375,0000,0000,0001
86,0,0,0112,123F,Invisible Collectible,02 08 3F,299,0,285,0000,0000,0001
86,0,0,0112,127F,Invisible Collectible,02 09 3F,-351,1,2121,0000,0000,0001
86,0,0,0112,127F,Invisible Collectible,02 09 3F,-199,0,177,0000,0000,0001
86,0,0,0112,127F,Invisible Collectible,02 09 3F,100,0,1084,0000,0000,0001
86,2,0,0112,123F,Invisible Collectible,02 08 3F,-204,0,1283,0000,0000,0001
86,2,0,0112,123F,Invisible Collectible,02 08 3F,100,0,1375,0000,0000,0001
86,2,0,0112,123F,Invisible Collectible,02 08 3F,299,0,285,0000,0000,0001
86,2,0,0112,127F,Invisible Collectible,02 09 3F,-351,1,2121,0000,0000,0001
86,2,0,0112,127F,Invisible Collectible,02 09 3F,-199,0,177,0000,0000,0001
86,2,0,0112,127F,Invisible Collectible,02 09 3F,100,0,1084,0000,0000,0001
89,2,0,0112,12BF,Invisible Collectible,02 0A 3F,-667,320,1053,0000,0000,0001
90,2,0,0112,12BF,Invisible Collectible,02 0A 3F,-45,-2365,-298,0000,0000,0001
90,2,0,0112,12BF,Invisible Collectible,02 0A 3F,47,-1794,-2620,0000,0000,0001
91,0,1,0112,123F,Invisible Collectible,02 08 3F,1256,-152,194,0000,0000,0001
91,0,1,0112,123F,Invisible Collectible,02 08 3F,1038,-180,557,0000,0000,0001
91,0,1,0112,127F,Invisible Collectible,02 09 3F,1371,-180,497,0000,0000,0001
92,0,0,0112,18FF,Invisible Collectible,03 03 3F,1113,242,2581,0000,0000,0004
92,0,0,0112,1A7F,Invisible Collectible,03 09 3F,2098,360,-1402,0000,0000,0004
92,0,0,0112,1A7F,Invisible Collectible,03 09 3F,1161,240,2383,0000,0000,0004
92,0,0,0112,1A7F,Invisible Collectible,03 09 3F,456,270,2325,0000,0000,0004
92,0,0,0112,1ABF,Invisible Collectible,03 0A 3F,2406,331,-1407,0000,0000,0004
92,0,0,0112,3FE2,Invisible Collectible,07 1F 22,-1645,738,-456,0000,0000,0000
92,2,0,0112,18BF,Invisible Collectible,03 02 3F,1114,243,2580,0000,0000,0001
92,2,0,0112,1A7F,Invisible Collectible,03 09 3F,1157,247,2388,0000,0000,0001
92,2,0,0112,1A7F,Invisible Collectible,03 09 3F,2098,360,-1402,0000,0000,0001
92,2,0,0112,1ABF,Invisible Collectible,03 0A 3F,2406,331,-1407,0000,0000,0001
92,2,0,0112,3FE2,Invisible Collectible,07 1F 22,-1645,738,-456,0000,0000,0000
93,0,0,0112,1ABF,Invisible Collectible,03 0A 3F,1094,876,-412,0000,0000,0006
93,0,0,0112,1ABF,Invisible Collectible,03 0A 3F,-814,245,-810,0000,0000,0006
93,2,0,0112,1ABF,Invisible Collectible,03 0A 3F,-814,245,-810,0000,0000,0006
93,2,0,0112,1ABF,Invisible Collectible,03 0A 3F,1094,876,-412,0000,0000,0006
93,3,0,0112,1ABF,Invisible Collectible,03 0A 3F,-814,245,-810,0000,0000,0006
93,3,0,0112,1ABF,Invisible Collectible,03 0A 3F,1094,876,-412,0000,0000,0006
95,0,0,0112,18BF,Invisible Collectible,03 02 3F,-72,1896,468,0000,0000,0004
95,0,0,0112,1ABF,Invisible Collectible,03 0A 3F,-502,1896,468,0000,0000,0004
95,0,0,0112,123F,Invisible Collectible,02 08 3F,-1190,1491,561,0000,0000,0001
95,0,0,0112,123F,Invisible Collectible,02 08 3F,-819,1492,613,0000,0000,0001
95,0,0,0112,123F,Invisible Collectible,02 08 3F,-557,1490,568,0000,0000,0001
95,0,0,0112,123F,Invisible Collectible,02 08 3F,-256,1490,598,0000,0000,0001
95,0,0,0112,123F,Invisible Collectible,02 08 3F,62,1491,555,0000,0000,0001
95,0,0,0112,123F,Invisible Collectible,02 08 3F,403,1489,587,0000,0000,0001
95,0,0,0112,123F,Invisible Collectible,02 08 3F,725,1490,112,0000,0000,0001
95,0,0,0112,123F,Invisible Collectible,02 08 3F,754,1488,395,0000,0000,0001
95,0,0,0112,123F,Invisible Collectible,02 08 3F,755,1489,-118,0000,0000,0001
95,0,0,0112,127F,Invisible Collectible,02 09 3F,706,1450,-663,0000,0000,0001
95,0,0,0112,3FC4,Invisible Collectible,07 1F 04,593,1617,-310,0000,0000,0000
97,2,1,0112,3FDC,Invisible Collectible,07 1F 1C,-1353,829,929,0000,0000,0000
97,2,1,0112,3FDC,Invisible Collectible,07 1F 1C,-1343,829,951,0000,0000,0000
97,2,1,0112,3FDC,Invisible Collectible,07 1F 1C,-1333,829,974,0000,0000,0000
97,2,1,0112,3FDC,Invisible Collectible,07 1F 1C,-1324,829,996,0000,0000,0000
97,2,1,0112,12BF,Invisible Collectible,02 0A 3F,6,311,-640,0000,0000,0001
99,2,0,0112,1278,Invisible Collectible,02 09 38,295,123,-979,0000,0000,0001
99,2,0,0112,1279,Invisible Collectible,02 09 39,-443,119,-311,0000,0000,0001
99,3,0,0112,1278,Invisible Collectible,02 09 38,295,123,-979,0000,0000,0001
99,3,0,0112,1279,Invisible Collectible,02 09 39,-443,119,-311,0000,0000,0001
Total: 150
