Scene,Setup,Room
81,0,0,0039,050A,Gameplay_keep Items,,3230,-20,570,0000,0000,0000
81,0,0,0039,0C0A,Gameplay_keep Items,,5925,-20,3805,0000,071C,0000
81,0,0,0039,150A,Gameplay_keep Items,,-1564,-159,4318,0000,BB06,0000
81,0,0,0039,170A,Gameplay_keep Items,,-4935,-700,14045,0000,8E39,0000
81,0,0,0039,190A,Gameplay_keep Items,,-8780,-300,7680,0000,9555,0000
81,0,0,0039,390A,Gameplay_keep Items,,3952,-143,7232,0000,5555,0000
81,0,0,0039,3A0A,Gameplay_keep Items,,-130,0,2105,0000,C000,0000
81,1,0,0039,190A,Gameplay_keep Items,,-8780,-300,7680,0000,9555,0000
81,1,0,0039,170A,Gameplay_keep Items,,-4935,-700,14045,0000,8E39,0000
81,1,0,0039,150A,Gameplay_keep Items,,-1564,-159,4318,0000,BB06,0000
81,1,0,0039,3A0A,Gameplay_keep Items,,-130,0,2105,0000,C000,0000
81,1,0,0039,050A,Gameplay_keep Items,,3230,-20,570,0000,0000,0000
81,1,0,0039,390A,Gameplay_keep Items,,3952,-143,7232,0000,5555,0000
81,1,0,0039,0C0A,Gameplay_keep Items,,5925,-20,3805,0000,071C,0000
81,2,0,0039,050A,Gameplay_keep Items,,3230,-20,570,0000,0000,0000
81,2,0,0039,0C0A,Gameplay_keep Items,,5925,-20,3805,0000,071C,0000
81,2,0,0039,160A,Gameplay_keep Items,,-1564,-159,4318,0000,BB06,0000
81,2,0,0039,170A,Gameplay_keep Items,,-4935,-700,14045,0000,8E39,0000
81,2,0,0039,190A,Gameplay_keep Items,,-8780,-300,7680,0000,9555,0000
81,2,0,0039,390A,Gameplay_keep Items,,3952,-143,7232,0000,5555,0000
81,2,0,0039,3A0A,Gameplay_keep Items,,-130,0,2105,0000,C000,0000
82,0,0,0039,010A,Gameplay_keep Items,,-2590,138,965,0000,8E39,0000
82,0,0,0039,060A,Gameplay_keep Items,,1165,80,1550,0000,0E39,0000
82,1,0,0039,010A,Gameplay_keep Items,,-2590,138,965,0000,8E39,0000
82,1,0,0039,060A,Gameplay_keep Items,,1165,80,1550,0000,0E39,0000
82,2,0,0039,010A,Gameplay_keep Items,,-2590,138,965,0000,8E39,0000
82,2,0,0039,060A,Gameplay_keep Items,,1165,80,1545,0000,0E39,0000
82,3,0,0039,010A,Gameplay_keep Items,,-2590,138,965,0000,8E39,0000
82,3,0,0039,060A,Gameplay_keep Items,,1165,80,1545,0000,0E39,0000
85,0,0,0039,3D0A,Gameplay_keep Items,,-1008,120,479,0000,5C72,0000
85,0,0,0039,430A,Gameplay_keep Items,,-924,120,928,0000,349F,0000
85,0,0,0039,100A,Gameplay_keep Items,,-779,121,424,0000,CAAB,0000
85,0,0,0039,3C0A,Gameplay_keep Items,,-512,0,-459,0000,1A50,0000
85,0,0,0039,140A,Gameplay_keep Items,,-170,380,-1335,0000,6B61,0000
85,0,0,0039,3F0A,Gameplay_keep Items,,436,0,601,0000,DA50,0000
85,0,0,0039,1E0A,Gameplay_keep Items,,728,0,-195,0000,1C72,0000
85,0,0,0039,3E0A,Gameplay_keep Items,,1089,0,473,0000,AAAB,0000
85,2,0,0039,1E0A,Gameplay_keep Items,,728,0,-195,0000,1C72,0000
85,2,0,0039,3C0A,Gameplay_keep Items,,-512,0,-459,0000,1A50,0000
85,2,0,0039,3D0A,Gameplay_keep Items,,-1008,120,479,0000,5C72,0000
85,2,0,0039,3E0A,Gameplay_keep Items,,1089,0,473,0000,AAAB,0000
85,2,0,0039,3F0A,Gameplay_keep Items,,436,0,601,0000,DA50,0000
85,3,0,0039,1E0A,Gameplay_keep Items,,728,0,-195,0000,1C72,0000
85,3,0,0039,3C0A,Gameplay_keep Items,,-512,0,-459,0000,1A50,0000
85,3,0,0039,3D0A,Gameplay_keep Items,,-1008,120,479,0000,5C72,0000
85,3,0,0039,3E0A,Gameplay_keep Items,,1089,0,473,0000,AAAB,0000
85,3,0,0039,3F0A,Gameplay_keep Items,,436,0,601,0000,DA50,0000
85,8,1,0039,1409,Gameplay_keep Items,,-1432,-66,-426,0000,4000,0000
85,8,1,0039,1309,Gameplay_keep Items,,-1182,-49,-144,0000,B8E4,0000
85,8,1,0039,1209,Gameplay_keep Items,,112,-80,780,0000,AAAB,0000
85,8,1,0039,1109,Gameplay_keep Items,,661,0,-101,0000,0000,0000
85,8,1,0039,1009,Gameplay_keep Items,,-193,380,-1307,0000,0000,0000
85,8,1,0039,0F09,Gameplay_keep Items,,1420,0,21,0000,CE39,0000
85,9,1,0039,1409,Gameplay_keep Items,,-1432,-66,-426,0000,4000,0000
85,9,1,0039,1309,Gameplay_keep Items,,-1182,-49,-144,0000,B8E4,0000
85,9,1,0039,1209,Gameplay_keep Items,,112,-80,780,0000,AAAB,0000
85,9,1,0039,1109,Gameplay_keep Items,,661,0,-101,0000,0000,0000
85,9,1,0039,1009,Gameplay_keep Items,,-193,380,-1307,0000,0000,0000
85,9,1,0039,0F09,Gameplay_keep Items,,1420,0,21,0000,CE39,0000
87,0,0,0039,010A,Gameplay_keep Items,,-1835,-1013,995,0000,5D28,0000
87,2,0,0039,010A,Gameplay_keep Items,,-1835,-1013,995,0000,5D28,0000
88,0,0,0039,2B0A,Gameplay_keep Items,,345,857,-1572,0000,8000,0000
88,2,0,0039,2B0A,Gameplay_keep Items,,345,857,-1572,0000,8000,0000
88,0,1,0039,3B0A,Gameplay_keep Items,,217,178,150,0000,2EEF,0000
88,2,1,0039,3B0A,Gameplay_keep Items,,217,178,150,0000,2EEF,0000
89,0,0,0039,0E0A,Gameplay_keep Items,,-2557,3,486,0000,CAAB,0000
89,1,0,0039,0E0A,Gameplay_keep Items,,-2557,3,486,0000,CAAB,0000
89,2,0,0039,0E0A,Gameplay_keep Items,,-2557,3,486,0000,CAAB,0000
90,0,0,0039,010A,Gameplay_keep Items,,2778,-264,593,0000,CC17,0000
90,2,0,0039,010A,Gameplay_keep Items,,2778,-264,593,0000,CC17,0000
93,0,0,0039,190A,Gameplay_keep Items,,-730,2,-70,0000,A9F5,0000
93,2,0,0039,190A,Gameplay_keep Items,,-730,2,-70,0000,A9F5,0000
93,3,0,0039,190A,Gameplay_keep Items,,-730,2,-70,0000,A9F5,0000
94,0,1,0039,110A,Gameplay_keep Items,,2104,-340,2389,0000,ACCD,0000
96,0,0,0039,050A,Gameplay_keep Items,,-1300,120,2155,0000,D8E4,0000
96,0,0,0039,210A,Gameplay_keep Items,,-735,1241,595,0000,199A,0000
96,0,0,0039,230A,Gameplay_keep Items,,-40,3299,-4410,0000,1333,0000
96,0,0,0039,2D0A,Gameplay_keep Items,,-1127,1662,44,0000,216C,0000
96,2,0,0039,050A,Gameplay_keep Items,,-1300,120,2155,0000,D8E4,0000
96,2,0,0039,210A,Gameplay_keep Items,,-735,1241,595,0000,199A,0000
96,2,0,0039,230A,Gameplay_keep Items,,-40,3299,-4410,0000,1333,0000
96,2,0,0039,2D0A,Gameplay_keep Items,,-1127,1662,44,0000,216C,0000
96,2,0,0039,0B0A,Gameplay_keep Items,,-299,1209,-1787,0000,58E4,0000
97,0,1,0039,0B0A,Gameplay_keep Items,,-1610,722,95,0000,71C7,0000
97,2,1,0039,0B0A,Gameplay_keep Items,,-1610,722,95,0000,71C7,0000
97,2,1,0039,0B0A,Gameplay_keep Items,,-1610,722,95,0000,71C7,0000
Total: 86
