Scene,Setup,Room
76,0,0,0107,00FF,Milk Crate,,-370,-10,-170,0000,0000,0000
76,0,0,0107,00FF,Milk Crate,,-370,-10,-110,0000,0000,0000
76,0,0,0107,00FF,Milk Crate,,-330,-10,-50,0000,0000,0000
76,0,0,0107,00FF,Milk Crate,,-310,-10,-110,0000,0000,0000
76,0,0,0107,00FF,Milk Crate,,-270,-10,-50,0000,0000,0000
76,0,0,0107,00FF,Milk Crate,,-250,-10,-170,0000,0000,0000
95,0,0,0107,0004,Milk Crate,,910,1561,-519,0000,C000,0000
95,0,0,0107,0004,Milk Crate,,950,1561,-459,0000,0000,0000
99,8,0,0107,00FF,Milk Crate,,589,0,-362,0000,0000,0000
99,8,0,0107,00FF,Milk Crate,,557,0,-422,0000,0000,0000
99,8,0,0107,00FF,Milk Crate,,585,0,-496,0000,182E,0000
Total: 11
