Scene,Setup,Room
5,0,4,018C,0000,Stinger (Enemy),,1199,460,-772,0000,C000,0000
5,0,4,018C,0000,Stinger (Enemy),,1202,460,-865,0000,C000,0000
5,0,4,018C,0000,Stinger (Enemy),,1350,620,-867,0000,C000,0000
5,0,4,018C,0000,Stinger (Enemy),,1353,620,-776,0000,C000,0000
5,0,14,018C,0000,Stinger (Enemy),,-244,-236,-3781,0000,0000,0000
5,0,14,018C,0000,Stinger (Enemy),,-225,-170,-3544,0000,0000,0000
5,0,14,018C,0000,Stinger (Enemy),,-173,-170,-3728,0000,0000,0000
5,0,14,018C,0000,Stinger (Enemy),,-146,-300,-3620,0000,0000,0000
5,0,14,018C,0000,Stinger (Enemy),,-110,-223,-3506,0000,0000,0000
Total: 9
