Scene,Setup,Room
5,0,0,00EC,0000,Spike Enemy,,-144,-98,-656,0000,0000,0000
5,0,0,00EC,0000,Spike Enemy,,-143,-103,-589,0000,0000,0000
5,0,2,00EC,0000,Spike Enemy,,380,-350,205,0000,0000,0000
5,0,2,00EC,0000,Spike Enemy,,382,-350,273,0000,0000,0000
5,0,2,00EC,0000,Spike Enemy,,416,-350,275,0000,0000,0000
5,0,2,00EC,0000,Spike Enemy,,452,-350,274,0000,0000,0000
5,0,2,00EC,0000,Spike Enemy,,454,-350,205,0000,0000,0000
5,0,19,00EC,0000,Spike Enemy,,1368,780,85,0000,0000,0000
5,0,19,00EC,0000,Spike Enemy,,1557,780,87,0000,0000,0000
5,0,19,00EC,0000,Spike Enemy,,1372,780,284,0000,8000,0000
5,0,19,00EC,0000,Spike Enemy,,1562,780,289,0000,8000,0000
Total: 11
