Scene,Setup,Room
83,0,1,014F,0000,Grave Flower,,-402,60,164,0000,C000,0000
83,0,1,014F,0000,Grave Flower,,-402,60,196,0000,C000,0000
83,0,1,014F,0000,Grave Flower,,-397,60,180,0000,C000,0000
83,1,1,014F,0000,Grave Flower,,-402,60,164,0000,C000,0000
83,1,1,014F,0000,Grave Flower,,-402,60,196,0000,C000,0000
83,1,1,014F,0000,Grave Flower,,-397,60,180,0000,C000,0000
83,2,1,014F,0000,Grave Flower,,-562,120,-289,0000,0000,0000
83,2,1,014F,0000,Grave Flower,,-598,120,-287,0000,0000,0000
83,2,1,014F,0000,Grave Flower,,-578,120,-280,0000,0000,0000
83,2,1,014F,0000,Grave Flower,,-402,60,164,0000,C000,0000
83,2,1,014F,0000,Grave Flower,,-402,60,196,0000,C000,0000
83,2,1,014F,0000,Grave Flower,,-397,60,180,0000,C000,0000
83,3,1,014F,0000,Grave Flower,,-562,120,-289,0000,0000,0000
83,3,1,014F,0000,Grave Flower,,-578,120,-280,0000,0000,0000
83,3,1,014F,0000,Grave Flower,,-598,120,-287,0000,0000,0000
83,3,1,014F,0000,Grave Flower,,-397,60,180,0000,C000,0000
83,3,1,014F,0000,Grave Flower,,-402,60,164,0000,C000,0000
83,3,1,014F,0000,Grave Flower,,-402,60,196,0000,C000,0000
85,0,0,014F,0001,Grave Flower,,-915,120,872,0000,0000,0000
85,0,0,014F,0001,Grave Flower,,-896,120,826,0000,0000,0000
85,0,0,014F,0001,Grave Flower,,-584,120,963,0000,0000,0000
85,0,0,014F,0001,Grave Flower,,-292,0,-415,0000,0000,0000
85,0,0,014F,0002,Grave Flower,,668,0,500,0000,071C,0000
85,7,0,014F,0001,Grave Flower,,-340,0,-403,0000,0000,0000
87,0,0,014F,0000,Grave Flower,,-220,-1293,2975,0000,0000,0000
87,0,0,014F,0000,Grave Flower,,-150,-1293,2976,0000,0000,0000
87,0,0,014F,0000,Grave Flower,,-74,-1253,2735,0000,0000,0000
87,0,0,014F,0000,Grave Flower,,101,-1253,2664,0000,0000,0000
Total: 28
