Scene,Setup,Room
2,0,0,00E6,3B04,Jabu-Jabu Switch,,-4,-112,-729,0000,0000,8000
2,0,1,00E6,3A00,Jabu-Jabu Switch,,477,-321,-1703,0000,0000,0000
2,0,5,00E6,3D04,Jabu-Jabu Switch,,1351,21,-1716,8000,0000,0000
2,0,7,00E6,3800,Jabu-Jabu Switch,,-731,-340,-4683,0000,0000,0000
2,0,7,00E6,1C01,Jabu-Jabu Switch,,774,-340,-4686,0000,0000,0000
2,4,7,00E6,3F00,Jabu-Jabu Switch,,-901,-340,-4683,0000,0000,0000
2,4,7,00E6,3F01,Jabu-Jabu Switch,,901,-340,-4683,0000,0000,0000
2,0,14,00E6,3C04,Jabu-Jabu Switch,,651,-1072,-1603,0000,0000,8000
2,0,14,00E6,3902,Jabu-Jabu Switch,,1098,-1294,-2387,0000,0000,0000
Total: 9
