Scene,Setup,Room
67,0,1,006E,0001,Warp Pad,,0,-40,2024,0000,0000,0000
67,4,1,006E,0001,Warp Pad,,0,-40,2024,0000,0000,0000
67,6,1,006E,0001,Warp Pad,,0,-40,2024,0000,0000,0000
67,7,1,006E,0001,Warp Pad,,9,-40,2024,0000,0000,0000
67,8,1,006E,0001,Warp Pad,,9,-40,2024,0000,0000,0000
67,9,1,006E,0001,Warp Pad,,9,-40,2024,0000,0000,0000
67,10,1,006E,0001,Warp Pad,,9,-40,2024,0000,0000,0000
67,11,1,006E,0001,Warp Pad,,9,-40,2024,0000,0000,0000
67,12,1,006E,0001,Warp Pad,,9,-40,2024,0000,0000,0000
67,13,1,006E,0001,Warp Pad,,9,-40,2024,0000,0000,0000
67,14,1,006E,0001,Warp Pad,,9,-40,2024,0000,0000,0000
83,0,1,006E,0002,Warp Pad,,1145,340,85,0000,1555,0000
83,1,1,006E,0002,Warp Pad,,1143,340,85,0000,1555,0000
83,2,1,006E,0002,Warp Pad,,1143,340,85,0000,1555,0000
83,3,1,006E,0002,Warp Pad,,1143,340,85,0000,1555,0000
83,4,1,006E,0002,Warp Pad,,1145,340,85,0000,1555,0000
83,5,1,006E,0002,Warp Pad,,1145,340,85,0000,1555,0000
86,0,0,006E,0006,Warp Pad,,8,480,-2610,0000,0000,0000
86,2,0,006E,0006,Warp Pad,,8,480,-2610,0000,0000,0000
86,4,0,006E,0006,Warp Pad,,8,480,-2610,0000,0000,0000
86,5,0,006E,0006,Warp Pad,,8,480,-2610,0000,0000,0000
87,0,0,006E,0004,Warp Pad,,-1045,-1243,7457,0000,0000,0000
87,2,0,006E,0004,Warp Pad,,-1045,-1243,7457,0000,0000,0000
87,4,0,006E,0004,Warp Pad,,-1045,-1243,7457,0000,0000,0000
87,5,0,006E,0004,Warp Pad,,-1045,-1243,7457,0000,0000,0000
89,5,0,006E,0000,Warp Pad,,-1571,52,-53,0000,0000,0000
92,0,0,006E,0005,Warp Pad,,-847,0,-2067,0000,4000,0000
92,2,0,006E,0005,Warp Pad,,-847,0,-2067,0000,4000,0000
92,4,0,006E,0005,Warp Pad,,2128,0,-812,0000,0000,0000
97,0,1,006E,0003,Warp Pad,,0,421,0,0000,0000,0000
97,2,1,006E,0003,Warp Pad,,0,421,0,0000,0000,0000
97,4,1,006E,0003,Warp Pad,,-820,769,1210,0000,0000,0000
97,5,1,006E,0003,Warp Pad,,-820,769,1210,0000,0000,0000
Total: 33
