Scene,Setup,Room
89,0,0,00D1,0214,Ice Platform,,-1200,0,0,0000,0000,0000
89,1,0,00D1,0214,Ice Platform,,-1200,0,0,0000,0000,0000
89,2,0,00D1,0214,Ice Platform,,-1200,0,0,0000,0000,0000
89,2,0,00D1,0001,Ice Platform,,-185,20,-32,0000,4000,0000
89,2,0,00D1,0011,Ice Platform,,974,20,90,0000,0000,0000
89,2,0,00D1,0011,Ice Platform,,-214,20,-1393,0000,0000,0000
89,2,0,00D1,0010,Ice Platform,,255,20,-285,0000,4000,0000
89,2,0,00D1,0012,Ice Platform,,-253,20,-834,0000,0000,0000
89,2,0,00D1,0012,Ice Platform,,35,20,-1125,0000,0000,0000
89,2,0,00D1,0012,Ice Platform,,102,20,-628,0000,0000,0000
89,2,0,00D1,0020,Ice Platform,,-649,20,-10,0000,0000,0000
89,2,0,00D1,0023,Ice Platform,,599,20,-87,0000,0000,0000
89,6,0,00D1,0214,Ice Platform,,-1200,0,0,0000,0000,0000
Total: 13
